1.99999 0.00166666
1.99996 0.00333331
1.9999 0.00499992
1.99982 0.00666648
1.99972 0.00833297
1.9996 0.00999937
1.99946 0.0116657
1.99929 0.0133318
1.9991 0.0149978
1.99889 0.0166637
1.99866 0.0183293
1.9984 0.0199948
1.99812 0.02166
1.99782 0.0233251
1.9975 0.0249898
1.99716 0.0266543
1.99679 0.0283185
1.9964 0.0299823
1.99599 0.0316459
1.99556 0.033309
1.99511 0.0349719
1.99463 0.0366343
1.99413 0.0382963
1.99361 0.039958
1.99307 0.0416191
1.9925 0.0432798
1.99192 0.0449401
1.99131 0.0465998
1.99068 0.0482591
1.99002 0.0499178
1.98935 0.0515759
1.98865 0.0532335
1.98793 0.0548905
1.98719 0.0565469
1.98643 0.0582027
1.98565 0.0598579
1.98484 0.0615124
1.98402 0.0631662
1.98317 0.0648193
1.9823 0.0664718
1.9814 0.0681235
1.98049 0.0697744
1.97956 0.0714246
1.9786 0.073074
1.97762 0.0747227
1.97662 0.0763705
1.9756 0.0780175
1.97455 0.0796636
1.97349 0.0813089
1.9724 0.0829533
1.9713 0.0845968
1.97017 0.0862394
1.96902 0.0878811
1.96785 0.0895218
1.96665 0.0911616
1.96544 0.0928003
1.96421 0.0944381
1.96295 0.0960749
1.96167 0.0977106
1.96038 0.0993453
1.95906 0.100979
1.95772 0.102611
1.95636 0.104243
1.95498 0.105873
1.95357 0.107503
1.95215 0.109131
1.95071 0.110758
1.94924 0.112383
1.94776 0.114008
1.94625 0.115631
1.94472 0.117253
1.94318 0.118874
1.94161 0.120494
1.94002 0.122112
1.93841 0.123729
1.93679 0.125345
1.93514 0.12696
1.93347 0.128573
1.93178 0.130185
1.93007 0.131795
1.92834 0.133404
1.92659 0.135012
1.92482 0.136618
1.92303 0.138223
1.92122 0.139827
1.91939 0.141429
1.91755 0.143029
1.91568 0.144629
1.91379 0.146226
1.91188 0.147822
1.90996 0.149417
1.90801 0.15101
1.90604 0.152602
1.90406 0.154192
1.90205 0.15578
1.90003 0.157367
1.89799 0.158953
1.89592 0.160536
1.89384 0.162118
1.89174 0.163699
1.88962 0.165278
1.88748 0.166855
1.88533 0.16843
1.88315 0.170004
1.88096 0.171576
1.87874 0.173147
1.87651 0.174716
1.87426 0.176283
1.87199 0.177848
1.86971 0.179412
1.8674 0.180973
1.86508 0.182533
1.86274 0.184092
1.86038 0.185648
1.858 0.187203
1.8556 0.188756
1.85319 0.190307
1.85076 0.191856
1.84831 0.193403
1.84584 0.194949
1.84335 0.196492
1.84085 0.198034
1.83833 0.199574
1.83579 0.201112
1.83324 0.202648
1.83067 0.204182
1.82808 0.205714
1.82547 0.207245
1.82284 0.208773
1.8202 0.210299
1.81755 0.211824
1.81487 0.213346
1.81218 0.214867
1.80947 0.216385
1.80675 0.217902
1.804 0.219416
1.80124 0.220929
1.79847 0.222439
1.79568 0.223948
1.79287 0.225454
1.79005 0.226959
1.78721 0.228461
1.78435 0.229961
1.78148 0.231459
1.77859 0.232956
1.77569 0.23445
1.77277 0.235942
1.76983 0.237431
1.76688 0.238919
1.76391 0.240405
1.76093 0.241888
1.75793 0.24337
1.75492 0.244849
1.75189 0.246326
1.74884 0.247801
1.74579 0.249274
1.74271 0.250745
1.73962 0.252213
1.73652 0.25368
1.7334 0.255144
1.73026 0.256606
1.72712 0.258066
1.72395 0.259523
1.72077 0.260979
1.71758 0.262432
1.71438 0.263883
1.71115 0.265332
1.70792 0.266779
1.70467 0.268223
1.70141 0.269665
1.69813 0.271105
1.69484 0.272543
1.69153 0.273979
1.68821 0.275412
1.68488 0.276843
1.68153 0.278272
1.67817 0.279699
1.6748 0.281123
1.67141 0.282545
1.66801 0.283965
1.6646 0.285382
1.66117 0.286798
1.65773 0.288211
1.65428 0.289622
1.65081 0.29103
1.64733 0.292436
1.64384 0.29384
1.64034 0.295242
1.63682 0.296642
1.63329 0.298039
1.62975 0.299434
1.62619 0.300826
1.62263 0.302216
1.61905 0.303604
1.61545 0.30499
1.61185 0.306374
1.60823 0.307755
1.60461 0.309134
1.60097 0.31051
1.59732 0.311884
1.59365 0.313256
1.58998 0.314626
1.58629 0.315993
1.58259 0.317358
1.57888 0.318721
1.57516 0.320082
1.57143 0.32144
1.56769 0.322796
1.56393 0.324149
1.56017 0.325501
1.55639 0.32685
1.5526 0.328196
1.5488 0.329541
1.54499 0.330883
1.54117 0.332223
1.53734 0.33356
1.5335 0.334895
1.52965 0.336228
1.52579 0.337559
1.52191 0.338887
1.51803 0.340213
1.51414 0.341537
1.51024 0.342859
1.50632 0.344178
1.5024 0.345495
1.49847 0.34681
1.49452 0.348122
1.49057 0.349432
1.48661 0.35074
1.48263 0.352045
1.47865 0.353349
1.47466 0.35465
1.47066 0.355948
1.46665 0.357245
1.46263 0.358539
1.4586 0.359831
1.45457 0.361121
1.45052 0.362408
1.44646 0.363693
1.4424 0.364976
1.43832 0.366257
1.43424 0.367535
1.43015 0.368812
1.42605 0.370086
1.42194 0.371357
1.41782 0.372627
1.4137 0.373894
1.40957 0.375159
1.40542 0.376422
1.40127 0.377683
1.39711 0.378941
1.39295 0.380197
1.38877 0.381451
1.38459 0.382703
1.3804 0.383953
1.3762 0.3852
1.37199 0.386446
1.36778 0.387689
1.36356 0.38893
1.35933 0.390168
1.35509 0.391405
1.35085 0.392639
1.34659 0.393872
1.34233 0.395102
1.33807 0.39633
1.33379 0.397555
1.32951 0.398779
1.32522 0.400001
1.32093 0.40122
1.31663 0.402437
1.31232 0.403652
1.308 0.404865
1.30368 0.406076
1.29935 0.407285
1.29501 0.408492
1.29067 0.409696
1.28632 0.410899
1.28196 0.412099
1.2776 0.413298
1.27323 0.414494
1.26885 0.415688
1.26447 0.416881
1.26008 0.418071
1.25569 0.419259
1.25129 0.420445
1.24688 0.421629
1.24247 0.422811
1.23805 0.423991
1.23363 0.425169
1.2292 0.426345
1.22476 0.427519
1.22032 0.42869
1.21587 0.42986
1.21142 0.431028
1.20696 0.432194
1.2025 0.433358
1.19803 0.43452
1.19355 0.43568
1.18907 0.436838
1.18459 0.437995
1.1801 0.439149
1.1756 0.440301
1.1711 0.441451
1.1666 0.4426
1.16208 0.443746
1.15757 0.444891
1.15305 0.446034
1.14852 0.447175
1.14399 0.448313
1.13945 0.44945
1.13491 0.450586
1.13037 0.451719
1.12582 0.45285
1.12126 0.45398
1.11671 0.455108
1.11214 0.456234
1.10757 0.457358
1.103 0.45848
1.09842 0.4596
1.09384 0.460719
1.08926 0.461836
1.08467 0.462951
1.08007 0.464064
1.07548 0.465176
1.07087 0.466285
1.06627 0.467393
1.06166 0.468499
1.05704 0.469604
1.05243 0.470706
1.0478 0.471807
1.04318 0.472906
1.03855 0.474004
1.03391 0.4751
1.02928 0.476194
1.02464 0.477286
1.01999 0.478377
1.01534 0.479465
1.01069 0.480553
1.00604 0.481638
1.00138 0.482722
0.996717 0.483805
0.992052 0.484885
0.987383 0.485964
0.982711 0.487041
0.978035 0.488117
0.973357 0.489191
0.968675 0.490264
0.96399 0.491335
0.959302 0.492404
0.95461 0.493472
0.949916 0.494538
0.945219 0.495602
0.940518 0.496665
0.935815 0.497727
0.931109 0.498786
0.926399 0.499845
0.921687 0.500901
0.916973 0.501957
0.912255 0.50301
0.907535 0.504062
0.902811 0.505113
0.898086 0.506162
0.893357 0.50721
0.888626 0.508256
0.883892 0.509301
0.879156 0.510344
0.874418 0.511386
0.869676 0.512426
0.864933 0.513465
0.860186 0.514502
0.855438 0.515538
0.850687 0.516573
0.845934 0.517606
0.841178 0.518638
0.83642 0.519668
0.83166 0.520697
0.826898 0.521724
0.822133 0.522751
0.817367 0.523775
0.812598 0.524799
0.807827 0.525821
0.803054 0.526841
0.798279 0.527861
0.793502 0.528879
0.788722 0.529895
0.783941 0.530911
0.779158 0.531924
0.774373 0.532937
0.769586 0.533948
0.764798 0.534958
0.760007 0.535967
0.755214 0.536975
0.75042 0.537981
0.745624 0.538986
0.740826 0.539989
0.736027 0.540992
0.731226 0.541993
0.726423 0.542993
0.721618 0.543991
0.716812 0.544989
0.712004 0.545985
0.707194 0.54698
0.702383 0.547974
0.697571 0.548966
0.692757 0.549957
0.687941 0.550948
0.683124 0.551936
0.678305 0.552924
0.673485 0.553911
0.668664 0.554896
0.663841 0.55588
0.659017 0.556863
0.654191 0.557845
0.649364 0.558826
0.644536 0.559806
0.639707 0.560784
0.634876 0.561762
0.630044 0.562738
0.62521 0.563713
0.620376 0.564687
0.61554 0.56566
0.610703 0.566632
0.605865 0.567603
0.601025 0.568572
0.596185 0.569541
0.591343 0.570508
0.5865 0.571475
0.581657 0.57244
0.576812 0.573404
0.571966 0.574368
0.567119 0.57533
0.562271 0.576291
0.557422 0.577251
0.552572 0.57821
0.547721 0.579168
0.542868 0.580125
0.538016 0.581081
0.533162 0.582036
0.528307 0.58299
0.523451 0.583943
0.518594 0.584895
0.513737 0.585846
0.508879 0.586796
0.504019 0.587745
0.499159 0.588693
0.494298 0.58964
0.489437 0.590586
0.484574 0.591531
0.479711 0.592476
0.474847 0.593419
0.469982 0.594361
0.465116 0.595302
0.46025 0.596243
0.455383 0.597182
0.450515 0.598121
0.445647 0.599058
0.440777 0.599995
0.435908 0.60093
0.431037 0.601865
0.426166 0.602799
0.421294 0.603732
0.416422 0.604664
0.411548 0.605595
0.406675 0.606526
0.4018 0.607455
0.396926 0.608383
0.39205 0.609311
0.387174 0.610237
0.382297 0.611163
0.37742 0.612088
0.372543 0.613012
0.367664 0.613935
0.362786 0.614858
0.357906 0.615779
0.353027 0.6167
0.348146 0.617619
0.343265 0.618538
0.338384 0.619456
0.333503 0.620373
0.32862 0.621289
0.323738 0.622205
0.318855 0.623119
0.313971 0.624033
0.309087 0.624946
0.304203 0.625858
0.299318 0.626769
0.294433 0.627679
0.289547 0.628588
0.284661 0.629497
0.279775 0.630405
0.274888 0.631312
0.270001 0.632218
0.265114 0.633123
0.260226 0.634028
0.255338 0.634931
0.25045 0.635834
0.245561 0.636736
0.240672 0.637637
0.235782 0.638538
0.230893 0.639437
0.226003 0.640336
0.221112 0.641234
0.216222 0.642131
0.211331 0.643027
0.20644 0.643923
0.201549 0.644817
0.196657 0.645711
0.191765 0.646604
0.186873 0.647496
0.181981 0.648387
0.177088 0.649278
0.172195 0.650168
0.167302 0.651056
0.162409 0.651945
0.157516 0.652832
0.152622 0.653718
0.147728 0.654604
0.142834 0.655489
0.13794 0.656373
0.133046 0.657256
0.128151 0.658138
0.123256 0.65902
0.118361 0.6599
0.113466 0.66078
0.108571 0.661659
0.103676 0.662537
0.0987806 0.663415
0.0938851 0.664291
0.0889894 0.665167
0.0840937 0.666042
0.0791978 0.666916
0.0743019 0.667789
0.0694058 0.668662
0.0645097 0.669533
0.0596134 0.670404
0.0547171 0.671274
0.0498207 0.672143
0.0449243 0.673011
0.0400278 0.673878
0.0351313 0.674745
0.0302347 0.67561
0.025338 0.676475
0.0204414 0.677339
0.0155447 0.678202
0.010648 0.679064
0.00575126 0.679926
0.000854528 0.680786
-0.00404221 0.681646
-0.00893894 0.682504
-0.0138357 0.683362
-0.0187324 0.684219
-0.023629 0.685075
-0.0285257 0.68593
-0.0334223 0.686784
-0.0383189 0.687638
-0.0432154 0.68849
-0.0481118 0.689341
-0.0530082 0.690192
-0.0579046 0.691042
-0.0628008 0.69189
-0.067697 0.692738
-0.0725931 0.693585
-0.077489 0.694431
-0.0823849 0.695276
-0.0872807 0.69612
-0.0921763 0.696963
-0.0970718 0.697805
-0.101967 0.698647
-0.106862 0.699487
-0.111758 0.700326
-0.116653 0.701164
-0.121547 0.702002
-0.126442 0.702838
-0.131336 0.703673
-0.136231 0.704508
-0.141125 0.705341
-0.146018 0.706173
-0.150912 0.707004
-0.155806 0.707835
-0.160699 0.708664
-0.165592 0.709492
-0.170484 0.710319
-0.175377 0.711145
-0.180269 0.71197
-0.185161 0.712794
-0.190053 0.713617
-0.194944 0.714439
-0.199835 0.71526
-0.204726 0.716079
-0.209616 0.716898
-0.214506 0.717715
-0.219396 0.718531
-0.224286 0.719347
-0.229175 0.720161
-0.234064 0.720973
-0.238952 0.721785
-0.24384 0.722596
-0.248727 0.723405
-0.253615 0.724213
-0.258501 0.72502
-0.263388 0.725826
-0.268274 0.726631
-0.273159 0.727434
-0.278044 0.728237
-0.282929 0.729038
-0.287813 0.729837
-0.292696 0.730636
-0.297579 0.731433
-0.302462 0.732229
-0.307344 0.733024
-0.312225 0.733817
-0.317106 0.734609
-0.321987 0.7354
-0.326867 0.73619
-0.331746 0.736978
-0.336624 0.737765
-0.341502 0.73855
-0.34638 0.739334
-0.351257 0.740117
-0.356133 0.740899
-0.361008 0.741679
-0.365883 0.742457
-0.370757 0.743234
-0.37563 0.74401
-0.380503 0.744784
-0.385375 0.745557
-0.390246 0.746329
-0.395116 0.747099
-0.399986 0.747867
-0.404854 0.748634
-0.409722 0.7494
-0.414589 0.750164
-0.419456 0.750926
-0.424321 0.751687
-0.429186 0.752446
-0.434049 0.753204
-0.438912 0.75396
-0.443774 0.754715
-0.448635 0.755468
-0.453495 0.756219
-0.458354 0.756969
-0.463212 0.757717
-0.468068 0.758464
-0.472924 0.759208
-0.477779 0.759951
-0.482633 0.760693
-0.487486 0.761433
-0.492337 0.76217
-0.497188 0.762907
-0.502037 0.763641
-0.506885 0.764374
-0.511732 0.765105
-0.516578 0.765834
-0.521422 0.766561
-0.526266 0.767286
-0.531108 0.76801
-0.535949 0.768732
-0.540788 0.769452
-0.545626 0.77017
-0.550463 0.770886
-0.555298 0.7716
-0.560132 0.772312
-0.564965 0.773022
-0.569796 0.773731
-0.574626 0.774437
-0.579454 0.775141
-0.584281 0.775844
-0.589106 0.776544
-0.59393 0.777242
-0.598752 0.777938
-0.603572 0.778632
-0.608391 0.779324
-0.613208 0.780014
-0.618024 0.780702
-0.622837 0.781388
-0.62765 0.782071
-0.63246 0.782752
-0.637268 0.783431
-0.642075 0.784108
-0.64688 0.784783
-0.651683 0.785455
-0.656484 0.786125
-0.661284 0.786793
-0.666081 0.787458
-0.670876 0.788122
-0.67567 0.788782
-0.680461 0.789441
-0.68525 0.790097
-0.690038 0.790751
-0.694823 0.791402
-0.699606 0.792051
-0.704387 0.792697
-0.709165 0.793341
-0.713942 0.793982
-0.718716 0.794621
-0.723488 0.795257
-0.728257 0.795891
-0.733024 0.796523
-0.737789 0.797151
-0.742552 0.797777
-0.747311 0.798401
-0.752069 0.799021
-0.756824 0.799639
-0.761576 0.800255
-0.766326 0.800867
-0.771073 0.801477
-0.775818 0.802085
-0.78056 0.802689
-0.785299 0.803291
-0.790035 0.803889
-0.794769 0.804485
-0.7995 0.805078
-0.804228 0.805669
-0.808953 0.806256
-0.813675 0.80684
-0.818394 0.807422
-0.82311 0.808
-0.827823 0.808576
-0.832533 0.809148
-0.83724 0.809718
-0.841944 0.810284
-0.846645 0.810848
-0.851342 0.811408
-0.856036 0.811965
-0.860727 0.812519
-0.865414 0.81307
-0.870099 0.813618
-0.874779 0.814162
-0.879456 0.814704
-0.88413 0.815242
-0.8888 0.815776
-0.893467 0.816308
-0.89813 0.816836
-0.902789 0.817361
-0.907444 0.817882
-0.912096 0.8184
-0.916744 0.818915
-0.921388 0.819426
-0.926028 0.819934
-0.930665 0.820438
-0.935297 0.820939
-0.939925 0.821436
-0.94455 0.82193
-0.94917 0.82242
-0.953786 0.822906
-0.958397 0.823389
-0.963005 0.823868
-0.967608 0.824344
-0.972207 0.824815
-0.976802 0.825284
-0.981392 0.825748
-0.985977 0.826209
-0.990558 0.826665
-0.995135 0.827118
-0.999707 0.827567
-1.00427 0.828013
-1.00884 0.828454
-1.01339 0.828892
-1.01795 0.829325
-1.0225 0.829755
-1.02704 0.83018
-1.03158 0.830602
-1.03611 0.831019
-1.04064 0.831433
-1.04516 0.831842
-1.04968 0.832247
-1.05419 0.832648
-1.0587 0.833045
-1.0632 0.833438
-1.0677 0.833826
-1.07219 0.83421
-1.07667 0.83459
-1.08115 0.834966
-1.08563 0.835337
-1.0901 0.835704
-1.09456 0.836067
-1.09902 0.836425
-1.10347 0.836779
-1.10791 0.837128
-1.11235 0.837473
-1.11679 0.837813
-1.12121 0.838149
-1.12564 0.83848
-1.13005 0.838807
-1.13446 0.839129
-1.13886 0.839446
-1.14326 0.839759
-1.14765 0.840067
-1.15203 0.84037
-1.15641 0.840669
-1.16078 0.840962
-1.16515 0.841251
-1.1695 0.841536
-1.17385 0.841815
-1.1782 0.842089
-1.18254 0.842359
-1.18687 0.842623
-1.19119 0.842883
-1.19551 0.843138
-1.19981 0.843387
-1.20412 0.843632
-1.20841 0.843872
-1.2127 0.844106
-1.21698 0.844335
-1.22125 0.84456
-1.22552 0.844779
-1.22977 0.844992
-1.23402 0.845201
-1.23827 0.845404
-1.2425 0.845603
-1.24673 0.845795
-1.25095 0.845983
-1.25516 0.846165
-1.25936 0.846342
-1.26355 0.846513
-1.26774 0.846679
-1.27192 0.846839
-1.27609 0.846994
-1.28025 0.847144
-1.28441 0.847287
-1.28855 0.847426
-1.29269 0.847558
-1.29682 0.847685
-1.30094 0.847807
-1.30505 0.847923
-1.30915 0.848033
-1.31324 0.848137
-1.31733 0.848236
-1.3214 0.848328
-1.32547 0.848415
-1.32953 0.848496
-1.33357 0.848572
-1.33761 0.848641
-1.34164 0.848705
-1.34566 0.848762
-1.34967 0.848814
-1.35367 0.848859
-1.35767 0.848899
-1.36165 0.848932
-1.36562 0.84896
-1.36958 0.848981
-1.37354 0.848996
-1.37748 0.849006
-1.38141 0.849008
-1.38533 0.849005
-1.38924 0.848996
-1.39315 0.84898
-1.39704 0.848958
-1.40092 0.84893
-1.40479 0.848895
-1.40865 0.848854
-1.4125 0.848807
-1.41634 0.848753
-1.42017 0.848693
-1.42399 0.848626
-1.42779 0.848553
-1.43159 0.848473
-1.43537 0.848387
-1.43915 0.848294
-1.44291 0.848195
-1.44666 0.848089
-1.4504 0.847977
-1.45413 0.847858
-1.45785 0.847732
-1.46155 0.847599
-1.46525 0.84746
-1.46893 0.847314
-1.4726 0.847161
-1.47626 0.847002
-1.47991 0.846835
-1.48354 0.846662
-1.48717 0.846482
-1.49078 0.846295
-1.49438 0.846101
-1.49796 0.845901
-1.50154 0.845693
-1.5051 0.845478
-1.50865 0.845257
-1.51219 0.845028
-1.51571 0.844792
-1.51922 0.844549
-1.52272 0.8443
-1.52621 0.844043
-1.52968 0.843778
-1.53314 0.843507
-1.53659 0.843229
-1.54003 0.842943
-1.54345 0.84265
-1.54685 0.84235
-1.55025 0.842043
-1.55363 0.841728
-1.557 0.841406
-1.56035 0.841077
-1.56369 0.84074
-1.56702 0.840397
-1.57033 0.840045
-1.57363 0.839687
-1.57692 0.83932
-1.58019 0.838947
-1.58345 0.838566
-1.58669 0.838177
-1.58992 0.837781
-1.59313 0.837378
-1.59633 0.836967
-1.59952 0.836548
-1.60269 0.836122
-1.60585 0.835688
-1.60899 0.835247
-1.61212 0.834798
-1.61523 0.834341
-1.61833 0.833877
-1.62141 0.833405
-1.62448 0.832925
-1.62754 0.832438
-1.63057 0.831943
-1.6336 0.83144
-1.6366 0.830929
-1.6396 0.830411
-1.64257 0.829885
-1.64554 0.829351
-1.64848 0.828809
-1.65141 0.82826
-1.65433 0.827702
-1.65723 0.827137
-1.66011 0.826564
-1.66298 0.825982
-1.66583 0.825393
-1.66867 0.824797
-1.67148 0.824192
-1.67429 0.823579
-1.67708 0.822958
-1.67985 0.822329
-1.6826 0.821693
-1.68534 0.821048
-1.68806 0.820395
-1.69077 0.819734
-1.69346 0.819065
-1.69613 0.818388
-1.69878 0.817704
-1.70142 0.817011
-1.70404 0.816309
-1.70665 0.8156
-1.70924 0.814883
-1.71181 0.814157
-1.71436 0.813424
-1.7169 0.812682
-1.71942 0.811932
-1.72192 0.811174
-1.72441 0.810408
-1.72687 0.809634
-1.72932 0.808852
-1.73176 0.808061
-1.73417 0.807262
-1.73657 0.806455
-1.73895 0.80564
-1.74131 0.804816
-1.74366 0.803984
-1.74598 0.803144
-1.74829 0.802296
-1.75058 0.80144
-1.75285 0.800575
-1.75511 0.799702
-1.75734 0.798821
-1.75956 0.797931
-1.76176 0.797034
-1.76394 0.796128
-1.76611 0.795213
-1.76825 0.794291
-1.77038 0.79336
-1.77249 0.792421
-1.77458 0.791473
-1.77665 0.790517
-1.7787 0.789553
-1.78073 0.788581
-1.78275 0.7876
-1.78474 0.786611
-1.78672 0.785614
-1.78868 0.784608
-1.79062 0.783594
-1.79254 0.782572
-1.79444 0.781541
-1.79632 0.780502
-1.79818 0.779455
-1.80003 0.7784
-1.80185 0.777336
-1.80366 0.776263
-1.80544 0.775183
-1.80721 0.774094
-1.80896 0.772997
-1.81068 0.771892
-1.81239 0.770778
-1.81408 0.769656
-1.81575 0.768526
-1.8174 0.767387
-1.81903 0.76624
-1.82064 0.765085
-1.82223 0.763921
-1.8238 0.762749
-1.82535 0.761569
-1.82688 0.760381
-1.82839 0.759184
-1.82989 0.75798
-1.83136 0.756766
-1.83281 0.755545
-1.83424 0.754315
-1.83565 0.753077
-1.83704 0.751831
-1.83841 0.750577
-1.83976 0.749314
-1.8411 0.748044
-1.84241 0.746765
-1.8437 0.745477
-1.84497 0.744182
-1.84622 0.742878
-1.84745 0.741567
-1.84866 0.740247
-1.84984 0.738919
-1.85101 0.737582
-1.85216 0.736238
-1.85329 0.734886
-1.8544 0.733525
-1.85548 0.732156
-1.85655 0.730779
-1.8576 0.729395
-1.85862 0.728002
-1.85962 0.726601
-1.86061 0.725192
-1.86157 0.723775
-1.86252 0.722349
-1.86344 0.720916
-1.86434 0.719475
-1.86522 0.718026
-1.86608 0.716569
-1.86692 0.715104
-1.86774 0.713631
-1.86854 0.71215
-1.86931 0.710661
-1.87007 0.709165
-1.8708 0.70766
-1.87152 0.706148
-1.87221 0.704627
-1.87289 0.703099
-1.87354 0.701563
-1.87417 0.70002
-1.87478 0.698468
-1.87537 0.696909
-1.87594 0.695342
-1.87649 0.693767
-1.87702 0.692185
-1.87752 0.690594
-1.87801 0.688997
-1.87847 0.687391
-1.87892 0.685778
-1.87934 0.684157
-1.87974 0.682529
-1.88012 0.680893
-1.88048 0.679249
-1.88082 0.677598
-1.88114 0.675939
-1.88144 0.674273
-1.88172 0.6726
-1.88197 0.670919
-1.88221 0.66923
-1.88242 0.667534
-1.88261 0.665831
-1.88279 0.66412
-1.88294 0.662402
-1.88307 0.660677
-1.88318 0.658944
-1.88327 0.657204
-1.88334 0.655457
-1.88338 0.653702
-1.88341 0.651941
-1.88342 0.650172
-1.8834 0.648396
-1.88337 0.646612
-1.88331 0.644822
-1.88323 0.643025
-1.88314 0.64122
-1.88302 0.639408
-1.88288 0.63759
-1.88272 0.635764
-1.88254 0.633932
-1.88234 0.632092
-1.88212 0.630246
-1.88187 0.628392
-1.88161 0.626532
-1.88133 0.624665
-1.88102 0.622791
-1.8807 0.62091
-1.88035 0.619023
-1.87999 0.617129
-1.8796 0.615228
-1.87919 0.61332
-1.87877 0.611406
-1.87832 0.609485
-1.87785 0.607557
-1.87737 0.605623
-1.87686 0.603683
-1.87633 0.601736
-1.87578 0.599782
-1.87521 0.597822
-1.87462 0.595855
-1.87401 0.593882
-1.87338 0.591903
-1.87274 0.589917
-1.87207 0.587925
-1.87138 0.585927
-1.87067 0.583922
-1.86994 0.581912
-1.86919 0.579895
-1.86842 0.577872
-1.86763 0.575842
-1.86682 0.573807
-1.86599 0.571765
-1.86514 0.569718
-1.86428 0.567664
-1.86339 0.565605
-1.86248 0.563539
-1.86155 0.561468
-1.86061 0.55939
-1.85964 0.557307
-1.85866 0.555218
-1.85765 0.553123
-1.85663 0.551023
-1.85558 0.548916
-1.85452 0.546804
-1.85344 0.544686
-1.85234 0.542563
-1.85121 0.540434
-1.85007 0.538299
-1.84892 0.536159
-1.84774 0.534013
-1.84654 0.531862
-1.84533 0.529705
-1.84409 0.527543
-1.84284 0.525376
-1.84156 0.523203
-1.84027 0.521025
-1.83896 0.518841
-1.83763 0.516653
-1.83629 0.514459
-1.83492 0.512259
-1.83354 0.510055
-1.83213 0.507846
-1.83071 0.505631
-1.82927 0.503411
-1.82782 0.501187
-1.82634 0.498957
-1.82485 0.496722
-1.82333 0.494483
-1.8218 0.492238
-1.82026 0.489989
-1.81869 0.487735
-1.81711 0.485476
-1.8155 0.483212
-1.81388 0.480943
-1.81225 0.47867
-1.81059 0.476392
-1.80892 0.47411
-1.80723 0.471822
-1.80552 0.469531
-1.80379 0.467234
-1.80205 0.464934
-1.80029 0.462628
-1.79851 0.460319
-1.79672 0.458005
-1.7949 0.455686
-1.79308 0.453363
-1.79123 0.451036
-1.78937 0.448705
-1.78749 0.446369
-1.78559 0.444029
-1.78368 0.441685
-1.78175 0.439337
-1.7798 0.436984
-1.77783 0.434628
-1.77585 0.432267
-1.77386 0.429903
-1.77184 0.427535
-1.76982 0.425162
-1.76777 0.422786
-1.76571 0.420406
-1.76363 0.418022
-1.76153 0.415634
-1.75942 0.413242
-1.7573 0.410847
-1.75516 0.408448
-1.753 0.406045
-1.75082 0.403638
-1.74863 0.401228
-1.74643 0.398814
-1.74421 0.396397
-1.74197 0.393976
-1.73972 0.391552
-1.73745 0.389124
-1.73517 0.386693
-1.73287 0.384259
-1.73056 0.381821
-1.72823 0.37938
-1.72589 0.376935
-1.72353 0.374487
-1.72116 0.372036
-1.71877 0.369582
-1.71637 0.367124
-1.71395 0.364664
-1.71152 0.3622
-1.70907 0.359733
-1.70661 0.357263
-1.70414 0.354791
-1.70165 0.352315
-1.69914 0.349836
-1.69663 0.347354
-1.69409 0.34487
-1.69155 0.342382
-1.68899 0.339892
-1.68641 0.337399
-1.68383 0.334903
-1.68122 0.332404
-1.67861 0.329903
-1.67598 0.327399
-1.67334 0.324892
-1.67068 0.322382
-1.66801 0.319871
-1.66533 0.317356
-1.66263 0.314839
-1.65992 0.312319
-1.6572 0.309797
-1.65446 0.307273
-1.65171 0.304746
-1.64895 0.302217
-1.64618 0.299685
-1.64339 0.297151
-1.64059 0.294615
-1.63778 0.292076
-1.63495 0.289536
-1.63211 0.286992
-1.62926 0.284447
-1.6264 0.2819
-1.62352 0.27935
-1.62064 0.276799
-1.61774 0.274245
-1.61482 0.271689
-1.6119 0.269131
-1.60896 0.266572
-1.60602 0.26401
-1.60306 0.261446
-1.60009 0.258881
-1.5971 0.256313
-1.59411 0.253744
-1.5911 0.251172
-1.58808 0.248599
-1.58506 0.246025
-1.58202 0.243448
-1.57896 0.24087
-1.5759 0.23829
-1.57283 0.235708
-1.56974 0.233125
-1.56665 0.23054
-1.56354 0.227953
-1.56042 0.225365
-1.55729 0.222775
-1.55415 0.220184
-1.551 0.217591
-1.54784 0.214997
-1.54467 0.212401
-1.54149 0.209804
-1.5383 0.207205
-1.5351 0.204605
-1.53189 0.202004
-1.52866 0.199401
-1.52543 0.196797
-1.52219 0.194192
-1.51894 0.191585
-1.51567 0.188977
-1.5124 0.186368
-1.50912 0.183758
-1.50583 0.181147
-1.50253 0.178534
-1.49921 0.17592
-1.49589 0.173305
-1.49256 0.170689
-1.48922 0.168072
-1.48588 0.165454
-1.48252 0.162835
-1.47915 0.160215
-1.47578 0.157594
-1.47239 0.154972
-1.469 0.152349
-1.46559 0.149725
-1.46218 0.1471
-1.45876 0.144474
-1.45533 0.141848
-1.45189 0.13922
-1.44845 0.136592
-1.44499 0.133963
-1.44153 0.131333
-1.43806 0.128703
-1.43458 0.126071
-1.43109 0.123439
-1.42759 0.120806
-1.42409 0.118173
-1.42057 0.115539
-1.41705 0.112904
-1.41352 0.110268
-1.40999 0.107632
-1.40644 0.104996
-1.40289 0.102359
-1.39933 0.0997207
-1.39576 0.0970823
-1.39219 0.0944434
-1.3886 0.091804
-1.38501 0.0891641
-1.38142 0.0865238
-1.37781 0.0838829
-1.3742 0.0812416
-1.37058 0.0785999
-1.36695 0.0759578
-1.36332 0.0733153
-1.35968 0.0706724
-1.35603 0.0680291
-1.35237 0.0653855
-1.34871 0.0627415
-1.34504 0.0600972
-1.34137 0.0574527
-1.33769 0.0548078
-1.334 0.0521627
-1.3303 0.0495173
-1.3266 0.0468716
-1.32289 0.0442257
-1.31918 0.0415796
-1.31545 0.0389333
-1.31173 0.0362869
-1.30799 0.0336402
-1.30425 0.0309934
-1.30051 0.0283464
-1.29675 0.0256993
-1.29299 0.0230521
-1.28923 0.0204047
-1.28546 0.0177573
-1.28168 0.0151098
-1.2779 0.0124622
-1.27411 0.00981457
-1.27032 0.00716688
-1.26652 0.00451916
-1.26271 0.00187142
-1.2589 -0.000776329
-1.25509 -0.00342408
-1.25126 -0.00607181
-1.24744 -0.00871952
-1.2436 -0.0113672
-1.23977 -0.0140148
-1.23592 -0.0166624
-1.23207 -0.0193099
-1.22822 -0.0219573
-1.22436 -0.0246046
-1.2205 -0.0272518
-1.21663 -0.029899
-1.21275 -0.0325459
-1.20887 -0.0351928
-1.20499 -0.0378395
-1.2011 -0.0404861
-1.19721 -0.0431325
-1.19331 -0.0457787
-1.18941 -0.0484248
-1.1855 -0.0510706
-1.18159 -0.0537163
-1.17767 -0.0563618
-1.17375 -0.059007
-1.16982 -0.061652
-1.16589 -0.0642968
-1.16195 -0.0669413
-1.15802 -0.0695856
-1.15407 -0.0722296
-1.15012 -0.0748734
-1.14617 -0.0775169
-1.14221 -0.0801601
-1.13825 -0.082803
-1.13429 -0.0854456
-1.13032 -0.0880879
-1.12635 -0.0907299
-1.12237 -0.0933715
-1.11839 -0.0960129
-1.1144 -0.0986539
-1.11042 -0.101295
-1.10642 -0.103935
-1.10243 -0.106575
-1.09843 -0.109214
-1.09442 -0.111854
-1.09042 -0.114492
-1.0864 -0.117131
-1.08239 -0.119769
-1.07837 -0.122407
-1.07435 -0.125044
-1.07032 -0.127681
-1.06629 -0.130317
-1.06226 -0.132953
-1.05823 -0.135589
-1.05419 -0.138224
-1.05015 -0.140859
-1.0461 -0.143493
-1.04205 -0.146127
-1.038 -0.148761
-1.03394 -0.151394
-1.02989 -0.154026
-1.02582 -0.156658
-1.02176 -0.15929
-1.01769 -0.161921
-1.01362 -0.164552
-1.00955 -0.167182
-1.00547 -0.169811
-1.00139 -0.172441
-0.99731 -0.175069
-0.993225 -0.177697
-0.989137 -0.180325
-0.985046 -0.182952
-0.980953 -0.185579
-0.976857 -0.188205
-0.972758 -0.190831
-0.968656 -0.193456
-0.964552 -0.196081
-0.960445 -0.198705
-0.956336 -0.201328
-0.952224 -0.203951
-0.94811 -0.206574
-0.943993 -0.209196
-0.939874 -0.211817
-0.935752 -0.214438
-0.931628 -0.217058
-0.927501 -0.219678
-0.923372 -0.222297
-0.919241 -0.224916
-0.915108 -0.227534
-0.910972 -0.230151
-0.906834 -0.232768
-0.902694 -0.235385
-0.898552 -0.238
-0.894407 -0.240616
-0.890261 -0.24323
-0.886112 -0.245844
-0.881961 -0.248458
-0.877808 -0.251071
-0.873653 -0.253683
-0.869496 -0.256295
-0.865337 -0.258906
-0.861177 -0.261517
-0.857014 -0.264127
-0.852849 -0.266736
-0.848682 -0.269345
-0.844514 -0.271953
-0.840343 -0.274561
-0.836171 -0.277168
-0.831997 -0.279774
-0.827822 -0.28238
-0.823644 -0.284985
-0.819465 -0.28759
-0.815284 -0.290194
-0.811101 -0.292798
-0.806917 -0.2954
-0.802731 -0.298003
-0.798543 -0.300604
-0.794354 -0.303205
-0.790163 -0.305806
-0.78597 -0.308406
-0.781776 -0.311005
-0.777581 -0.313603
-0.773384 -0.316201
-0.769185 -0.318799
-0.764985 -0.321395
-0.760784 -0.323992
-0.756581 -0.326587
-0.752376 -0.329182
-0.748171 -0.331776
-0.743963 -0.33437
-0.739755 -0.336963
-0.735545 -0.339555
-0.731334 -0.342147
-0.727121 -0.344738
-0.722907 -0.347329
-0.718692 -0.349919
-0.714475 -0.352508
-0.710258 -0.355097
-0.706039 -0.357685
-0.701819 -0.360272
-0.697597 -0.362859
-0.693374 -0.365445
-0.689151 -0.368031
-0.684926 -0.370616
-0.6807 -0.3732
-0.676472 -0.375784
-0.672244 -0.378367
-0.668014 -0.38095
-0.663784 -0.383531
-0.659552 -0.386113
-0.655319 -0.388693
-0.651085 -0.391273
-0.64685 -0.393852
-0.642615 -0.396431
-0.638378 -0.399009
-0.63414 -0.401587
-0.629901 -0.404164
-0.625661 -0.40674
-0.62142 -0.409315
-0.617178 -0.41189
-0.612935 -0.414465
-0.608692 -0.417038
-0.604447 -0.419611
-0.600201 -0.422184
-0.595955 -0.424755
-0.591708 -0.427327
-0.58746 -0.429897
-0.58321 -0.432467
-0.57896 -0.435036
-0.57471 -0.437605
-0.570458 -0.440173
-0.566206 -0.44274
-0.561952 -0.445307
-0.557698 -0.447873
-0.553444 -0.450438
-0.549188 -0.453003
-0.544932 -0.455567
-0.540674 -0.458131
-0.536416 -0.460694
-0.532158 -0.463256
-0.527898 -0.465818
-0.523638 -0.468379
-0.519377 -0.470939
-0.515116 -0.473499
-0.510854 -0.476058
-0.506591 -0.478616
-0.502327 -0.481174
-0.498063 -0.483731
-0.493798 -0.486287
-0.489532 -0.488843
-0.485266 -0.491398
-0.480999 -0.493953
-0.476731 -0.496507
-0.472463 -0.49906
-0.468194 -0.501612
-0.463925 -0.504164
-0.459655 -0.506715
-0.455384 -0.509266
-0.451113 -0.511816
-0.446841 -0.514365
-0.442569 -0.516914
-0.438296 -0.519462
-0.434022 -0.522009
-0.429748 -0.524556
-0.425473 -0.527101
-0.421198 -0.529647
-0.416923 -0.532191
-0.412646 -0.534735
-0.40837 -0.537278
-0.404092 -0.539821
-0.399814 -0.542363
-0.395536 -0.544904
-0.391257 -0.547444
-0.386978 -0.549984
-0.382698 -0.552523
-0.378418 -0.555062
-0.374137 -0.557599
-0.369856 -0.560136
-0.365574 -0.562673
-0.361292 -0.565208
-0.35701 -0.567743
-0.352727 -0.570278
-0.348443 -0.572811
-0.344159 -0.575344
-0.339875 -0.577876
-0.33559 -0.580407
-0.331305 -0.582938
-0.32702 -0.585468
-0.322734 -0.587997
-0.318447 -0.590525
-0.31416 -0.593053
-0.309873 -0.59558
-0.305586 -0.598106
-0.301298 -0.600632
-0.297009 -0.603156
-0.292721 -0.60568
-0.288431 -0.608203
-0.284142 -0.610726
-0.279852 -0.613247
-0.275562 -0.615768
-0.271272 -0.618288
-0.266981 -0.620808
-0.26269 -0.623326
-0.258398 -0.625844
-0.254106 -0.628361
-0.249814 -0.630877
-0.245521 -0.633392
-0.241229 -0.635907
-0.236936 -0.63842
-0.232642 -0.640933
-0.228348 -0.643445
-0.224054 -0.645957
-0.21976 -0.648467
-0.215465 -0.650976
-0.211171 -0.653485
-0.206875 -0.655993
-0.20258 -0.6585
-0.198284 -0.661006
-0.193988 -0.663511
-0.189692 -0.666016
-0.185396 -0.668519
-0.181099 -0.671022
-0.176802 -0.673523
-0.172505 -0.676024
-0.168207 -0.678524
-0.16391 -0.681023
-0.159612 -0.683521
-0.155314 -0.686018
-0.151015 -0.688514
-0.146717 -0.691009
-0.142418 -0.693503
-0.138119 -0.695997
-0.13382 -0.698489
-0.129521 -0.70098
-0.125221 -0.70347
-0.120921 -0.70596
-0.116621 -0.708448
-0.112321 -0.710935
-0.108021 -0.713422
-0.103721 -0.715907
-0.0994204 -0.718391
-0.0951198 -0.720874
-0.090819 -0.723356
-0.0865181 -0.725837
-0.082217 -0.728317
-0.0779159 -0.730796
-0.0736146 -0.733274
-0.0693132 -0.735751
-0.0650117 -0.738226
-0.0607101 -0.740701
-0.0564084 -0.743174
-0.0521066 -0.745646
-0.0478047 -0.748117
-0.0435028 -0.750587
-0.0392008 -0.753055
-0.0348987 -0.755523
-0.0305966 -0.757989
-0.0262944 -0.760454
-0.0219922 -0.762918
-0.0176899 -0.76538
-0.0133877 -0.767842
-0.00908535 -0.770302
-0.00478303 -0.772761
-0.000480695 -0.775218
0.00382164 -0.777675
0.00812397 -0.780129
0.0124263 -0.782583
0.0167286 -0.785035
0.0210308 -0.787486
0.0253331 -0.789936
0.0296353 -0.792384
0.0339374 -0.794831
0.0382395 -0.797276
0.0425415 -0.79972
0.0468434 -0.802163
0.0511453 -0.804604
0.055447 -0.807044
0.0597487 -0.809482
0.0640503 -0.811919
0.0683517 -0.814354
0.072653 -0.816788
0.0769542 -0.81922
0.0812552 -0.821651
0.0855561 -0.82408
0.0898568 -0.826508
0.0941574 -0.828934
0.0984577 -0.831358
0.102758 -0.833781
0.107058 -0.836202
0.111358 -0.838621
0.115657 -0.841039
0.119956 -0.843455
0.124256 -0.84587
0.128554 -0.848283
0.132853 -0.850694
0.137151 -0.853103
0.141449 -0.85551
0.145747 -0.857916
0.150044 -0.86032
0.154341 -0.862722
0.158638 -0.865122
0.162935 -0.867521
0.167231 -0.869917
0.171526 -0.872312
0.175822 -0.874704
0.180117 -0.877095
0.184411 -0.879484
0.188705 -0.881871
0.192999 -0.884256
0.197292 -0.886639
0.201585 -0.889019
0.205877 -0.891398
0.210169 -0.893775
0.214461 -0.896149
0.218752 -0.898522
0.223042 -0.900892
0.227332 -0.90326
0.231621 -0.905626
0.23591 -0.90799
0.240198 -0.910352
0.244485 -0.912711
0.248772 -0.915068
0.253059 -0.917423
0.257344 -0.919776
0.261629 -0.922126
0.265914 -0.924474
0.270198 -0.926819
0.274481 -0.929162
0.278763 -0.931503
0.283044 -0.933841
0.287325 -0.936177
0.291605 -0.93851
0.295884 -0.940841
0.300163 -0.943169
0.304441 -0.945495
0.308717 -0.947818
0.312993 -0.950138
0.317268 -0.952456
0.321543 -0.954771
0.325816 -0.957083
0.330088 -0.959393
0.33436 -0.9617
0.33863 -0.964004
0.3429 -0.966306
0.347168 -0.968604
0.351436 -0.9709
0.355702 -0.973193
0.359968 -0.975483
0.364232 -0.97777
0.368495 -0.980054
0.372757 -0.982335
0.377018 -0.984613
0.381278 -0.986888
0.385537 -0.98916
0.389794 -0.991429
0.39405 -0.993695
0.398305 -0.995958
0.402559 -0.998217
0.406811 -1.00047
0.411062 -1.00273
0.415312 -1.00498
0.41956 -1.00722
0.423807 -1.00947
0.428053 -1.01171
0.432297 -1.01394
0.436539 -1.01617
0.440781 -1.0184
0.44502 -1.02063
0.449258 -1.02285
0.453495 -1.02507
0.45773 -1.02729
0.461963 -1.0295
0.466195 -1.03171
0.470425 -1.03391
0.474654 -1.03611
0.47888 -1.03831
0.483105 -1.0405
0.487329 -1.04269
0.49155 -1.04488
0.49577 -1.04706
0.499987 -1.04924
0.504203 -1.05141
0.508417 -1.05358
0.512629 -1.05575
0.516839 -1.05791
0.521047 -1.06007
0.525254 -1.06222
0.529458 -1.06437
0.53366 -1.06652
0.537859 -1.06866
0.542057 -1.07079
0.546253 -1.07293
0.550446 -1.07506
0.554637 -1.07718
0.558826 -1.0793
0.563013 -1.08141
0.567197 -1.08352
0.571379 -1.08563
0.575558 -1.08773
0.579736 -1.08983
0.58391 -1.09192
0.588082 -1.09401
0.592252 -1.09609
0.596419 -1.09817
0.600584 -1.10025
0.604746 -1.10231
0.608905 -1.10438
0.613062 -1.10644
0.617215 -1.10849
0.621366 -1.11054
0.625515 -1.11259
0.62966 -1.11463
0.633803 -1.11666
0.637943 -1.11869
0.642079 -1.12071
0.646213 -1.12273
0.650344 -1.12475
0.654472 -1.12675
0.658596 -1.12876
0.662718 -1.13075
0.666836 -1.13275
0.670952 -1.13473
0.675064 -1.13671
0.679172 -1.13869
0.683278 -1.14066
0.68738 -1.14263
0.691478 -1.14458
0.695573 -1.14654
0.699665 -1.14849
0.703753 -1.15043
0.707838 -1.15236
0.711919 -1.15429
0.715997 -1.15622
0.72007 -1.15814
0.72414 -1.16005
0.728207 -1.16196
0.732269 -1.16386
0.736328 -1.16575
0.740383 -1.16764
0.744433 -1.16952
0.74848 -1.1714
0.752523 -1.17326
0.756562 -1.17513
0.760597 -1.17698
0.764627 -1.17883
0.768654 -1.18068
0.772676 -1.18252
0.776694 -1.18435
0.780707 -1.18617
0.784716 -1.18799
0.788721 -1.1898
0.792721 -1.1916
0.796717 -1.1934
0.800708 -1.19519
0.804695 -1.19697
0.808677 -1.19875
0.812654 -1.20052
0.816627 -1.20228
0.820595 -1.20404
0.824558 -1.20579
0.828516 -1.20753
0.832469 -1.20926
0.836417 -1.21099
0.84036 -1.21271
0.844298 -1.21442
0.848231 -1.21613
0.852159 -1.21783
0.856081 -1.21952
0.859998 -1.2212
0.86391 -1.22287
0.867817 -1.22454
0.871718 -1.2262
0.875614 -1.22785
0.879504 -1.2295
0.883388 -1.23113
0.887267 -1.23276
0.89114 -1.23438
0.895008 -1.236
0.89887 -1.2376
0.902726 -1.2392
0.906575 -1.24079
0.91042 -1.24237
0.914258 -1.24394
0.91809 -1.2455
0.921915 -1.24706
0.925735 -1.24861
0.929549 -1.25015
0.933356 -1.25168
0.937157 -1.2532
0.940952 -1.25471
0.94474 -1.25622
0.948521 -1.25771
0.952297 -1.2592
0.956065 -1.26068
0.959827 -1.26215
0.963582 -1.26361
0.967331 -1.26507
0.971072 -1.26651
0.974807 -1.26795
0.978535 -1.26937
0.982256 -1.27079
0.98597 -1.2722
0.989677 -1.27359
0.993376 -1.27498
0.997069 -1.27636
1.00075 -1.27774
1.00443 -1.2791
1.0081 -1.28045
1.01177 -1.28179
1.01542 -1.28313
1.01907 -1.28445
1.02271 -1.28576
1.02634 -1.28707
1.02997 -1.28836
1.03358 -1.28965
1.03719 -1.29092
1.0408 -1.29219
1.04439 -1.29344
1.04797 -1.29469
1.05155 -1.29592
1.05512 -1.29715
1.05868 -1.29837
1.06224 -1.29957
1.06578 -1.30077
1.06932 -1.30195
1.07284 -1.30313
1.07636 -1.30429
1.07987 -1.30545
1.08338 -1.30659
1.08687 -1.30772
1.09035 -1.30885
1.09383 -1.30996
1.0973 -1.31106
1.10076 -1.31215
1.10421 -1.31323
1.10765 -1.3143
1.11108 -1.31536
1.1145 -1.31641
1.11791 -1.31744
1.12132 -1.31847
1.12471 -1.31949
1.12809 -1.32049
1.13147 -1.32148
1.13484 -1.32246
1.13819 -1.32344
1.14154 -1.3244
1.14488 -1.32534
1.1482 -1.32628
1.15152 -1.32721
1.15483 -1.32812
1.15813 -1.32902
1.16141 -1.32992
1.16469 -1.3308
1.16796 -1.33166
1.17122 -1.33252
1.17446 -1.33337
1.1777 -1.3342
1.18093 -1.33502
1.18414 -1.33583
1.18735 -1.33663
1.19054 -1.33742
1.19373 -1.33819
1.1969 -1.33895
1.20006 -1.3397
1.20322 -1.34044
1.20636 -1.34117
1.20949 -1.34188
1.21261 -1.34259
1.21572 -1.34328
1.21881 -1.34395
1.2219 -1.34462
1.22498 -1.34527
1.22804 -1.34591
1.23109 -1.34654
1.23413 -1.34716
1.23716 -1.34776
1.24018 -1.34835
1.24319 -1.34893
1.24618 -1.34949
1.24917 -1.35005
1.25214 -1.35059
1.2551 -1.35112
1.25805 -1.35163
1.26098 -1.35213
1.26391 -1.35262
1.26682 -1.3531
1.26972 -1.35356
1.27261 -1.35401
1.27548 -1.35445
1.27835 -1.35487
1.2812 -1.35529
1.28404 -1.35568
1.28686 -1.35607
1.28968 -1.35644
1.29248 -1.3568
1.29527 -1.35715
1.29804 -1.35748
1.30081 -1.3578
1.30356 -1.3581
1.30629 -1.3584
1.30902 -1.35867
1.31173 -1.35894
1.31443 -1.35919
1.31712 -1.35943
1.31979 -1.35966
1.32245 -1.35987
1.3251 -1.36007
1.32773 -1.36025
1.33035 -1.36042
1.33295 -1.36058
1.33555 -1.36072
1.33813 -1.36085
1.34069 -1.36097
1.34325 -1.36107
1.34578 -1.36116
1.34831 -1.36123
1.35082 -1.36129
1.35332 -1.36134
1.3558 -1.36137
1.35827 -1.36139
1.36073 -1.36139
1.36317 -1.36138
1.3656 -1.36136
1.36801 -1.36132
1.37041 -1.36127
1.3728 -1.36121
1.37517 -1.36113
1.37752 -1.36103
1.37987 -1.36092
1.3822 -1.3608
1.38451 -1.36066
1.38681 -1.36051
1.38909 -1.36035
1.39136 -1.36017
1.39362 -1.35998
1.39586 -1.35977
1.39808 -1.35955
1.4003 -1.35931
1.40249 -1.35906
1.40467 -1.35879
1.40684 -1.35851
1.40899 -1.35822
1.41113 -1.35791
1.41325 -1.35759
1.41536 -1.35725
1.41745 -1.3569
1.41953 -1.35653
1.42159 -1.35615
1.42363 -1.35575
1.42566 -1.35534
1.42768 -1.35492
1.42968 -1.35448
1.43166 -1.35402
1.43363 -1.35356
1.43559 -1.35307
1.43752 -1.35258
1.43945 -1.35206
1.44135 -1.35154
1.44325 -1.35099
1.44512 -1.35044
1.44698 -1.34987
1.44883 -1.34928
1.45065 -1.34868
1.45247 -1.34806
1.45426 -1.34743
1.45605 -1.34679
1.45781 -1.34613
1.45956 -1.34546
1.46129 -1.34477
1.46301 -1.34406
1.46471 -1.34335
1.4664 -1.34261
1.46806 -1.34187
1.46972 -1.3411
1.47135 -1.34033
1.47298 -1.33953
1.47458 -1.33873
1.47617 -1.33791
1.47774 -1.33707
1.47929 -1.33622
1.48083 -1.33535
1.48236 -1.33447
1.48386 -1.33358
1.48535 -1.33267
1.48683 -1.33174
1.48828 -1.3308
1.48972 -1.32985
1.49115 -1.32888
1.49256 -1.3279
1.49395 -1.3269
1.49532 -1.32588
1.49668 -1.32486
1.49802 -1.32381
1.49935 -1.32276
1.50065 -1.32169
1.50195 -1.3206
1.50322 -1.3195
1.50448 -1.31838
1.50572 -1.31725
1.50694 -1.31611
1.50815 -1.31495
1.50934 -1.31377
1.51052 -1.31258
1.51167 -1.31138
1.51282 -1.31016
1.51394 -1.30893
1.51505 -1.30768
1.51614 -1.30642
1.51721 -1.30514
1.51827 -1.30385
1.5193 -1.30255
1.52033 -1.30123
1.52133 -1.29989
1.52232 -1.29854
1.52329 -1.29718
1.52425 -1.2958
1.52519 -1.29441
1.52611 -1.293
1.52701 -1.29158
1.5279 -1.29015
1.52877 -1.2887
1.52962 -1.28723
1.53046 -1.28575
1.53128 -1.28426
1.53208 -1.28275
1.53286 -1.28123
1.53363 -1.2797
1.53438 -1.27815
1.53512 -1.27659
1.53583 -1.27501
1.53653 -1.27342
1.53722 -1.27181
1.53788 -1.27019
1.53853 -1.26856
1.53917 -1.26691
1.53978 -1.26525
1.54038 -1.26357
1.54096 -1.26188
1.54152 -1.26018
1.54207 -1.25846
1.5426 -1.25673
1.54311 -1.25498
1.54361 -1.25322
1.54409 -1.25145
1.54455 -1.24966
1.545 -1.24786
1.54543 -1.24605
1.54584 -1.24422
1.54623 -1.24238
1.54661 -1.24052
1.54697 -1.23866
1.54732 -1.23677
1.54764 -1.23488
1.54795 -1.23297
1.54825 -1.23105
1.54852 -1.22911
1.54878 -1.22716
1.54903 -1.2252
1.54925 -1.22322
1.54946 -1.22124
1.54966 -1.21923
1.54983 -1.21722
1.54999 -1.21519
1.55013 -1.21315
1.55026 -1.21109
1.55037 -1.20903
1.55046 -1.20695
1.55054 -1.20485
1.5506 -1.20275
1.55064 -1.20063
1.55067 -1.19849
1.55068 -1.19635
1.55067 -1.19419
1.55065 -1.19202
1.55061 -1.18984
1.55055 -1.18764
1.55048 -1.18543
1.55039 -1.18321
1.55028 -1.18098
1.55016 -1.17873
1.55002 -1.17648
1.54987 -1.17421
1.5497 -1.17192
1.54951 -1.16963
1.54931 -1.16732
1.54909 -1.165
1.54885 -1.16267
1.5486 -1.16032
1.54833 -1.15797
1.54805 -1.1556
1.54775 -1.15322
1.54743 -1.15083
1.5471 -1.14842
1.54675 -1.14601
1.54639 -1.14358
1.54601 -1.14114
1.54561 -1.13869
1.5452 -1.13623
1.54477 -1.13375
1.54433 -1.13127
1.54387 -1.12877
1.5434 -1.12626
1.54291 -1.12374
1.5424 -1.12121
1.54188 -1.11867
1.54134 -1.11611
1.54079 -1.11355
1.54022 -1.11097
1.53964 -1.10838
1.53904 -1.10578
1.53843 -1.10317
1.5378 -1.10055
1.53715 -1.09792
1.53649 -1.09528
1.53582 -1.09263
1.53513 -1.08996
1.53442 -1.08729
1.5337 -1.0846
1.53297 -1.0819
1.53222 -1.0792
1.53145 -1.07648
1.53067 -1.07375
1.52988 -1.07101
1.52907 -1.06826
1.52824 -1.0655
1.5274 -1.06274
1.52655 -1.05996
1.52568 -1.05717
1.5248 -1.05437
1.5239 -1.05156
1.52298 -1.04874
1.52206 -1.04591
1.52112 -1.04307
1.52016 -1.04022
1.51919 -1.03736
1.51821 -1.03449
1.51721 -1.03161
1.51619 -1.02872
1.51517 -1.02582
1.51413 -1.02291
1.51307 -1.02
1.512 -1.01707
1.51092 -1.01413
1.50982 -1.01119
1.50871 -1.00823
1.50759 -1.00527
1.50645 -1.0023
1.5053 -0.999314
1.50413 -0.996322
1.50295 -0.993322
1.50176 -0.990313
1.50055 -0.987294
1.49933 -0.984267
1.4981 -0.981231
1.49685 -0.978187
1.49559 -0.975133
1.49432 -0.972071
1.49303 -0.969001
1.49173 -0.965922
1.49042 -0.962834
1.48909 -0.959738
1.48775 -0.956634
1.4864 -0.953521
1.48504 -0.9504
1.48366 -0.947271
1.48227 -0.944134
1.48087 -0.940988
1.47945 -0.937835
1.47803 -0.934673
1.47658 -0.931504
1.47513 -0.928326
1.47367 -0.925141
1.47219 -0.921948
1.4707 -0.918748
1.46919 -0.915539
1.46768 -0.912323
1.46615 -0.9091
1.46461 -0.905869
1.46306 -0.90263
1.4615 -0.899384
1.45992 -0.896131
1.45834 -0.89287
1.45674 -0.889602
1.45513 -0.886327
1.4535 -0.883045
1.45187 -0.879756
1.45022 -0.876459
1.44857 -0.873156
1.4469 -0.869846
1.44522 -0.866528
1.44353 -0.863204
1.44182 -0.859873
1.44011 -0.856536
1.43838 -0.853192
1.43665 -0.849841
1.4349 -0.846483
1.43314 -0.843119
1.43137 -0.839749
1.42959 -0.836372
1.4278 -0.832988
1.42599 -0.829599
1.42418 -0.826203
1.42236 -0.822801
1.42052 -0.819392
1.41867 -0.815978
1.41682 -0.812557
1.41495 -0.809131
1.41307 -0.805698
1.41119 -0.80226
1.40929 -0.798815
1.40738 -0.795365
1.40546 -0.791909
1.40353 -0.788448
1.4016 -0.78498
1.39965 -0.781507
1.39769 -0.778029
1.39572 -0.774545
1.39374 -0.771055
1.39175 -0.76756
1.38976 -0.76406
1.38775 -0.760554
1.38573 -0.757043
1.3837 -0.753527
1.38167 -0.750005
1.37962 -0.746478
1.37757 -0.742947
1.3755 -0.73941
1.37343 -0.735868
1.37134 -0.732321
1.36925 -0.72877
1.36715 -0.725213
1.36504 -0.721652
1.36292 -0.718085
1.36079 -0.714514
1.35865 -0.710939
1.3565 -0.707358
1.35435 -0.703774
1.35218 -0.700184
1.35001 -0.69659
1.34783 -0.692992
1.34564 -0.689389
1.34344 -0.685782
1.34123 -0.68217
1.33902 -0.678554
1.33679 -0.674934
1.33456 -0.67131
1.33232 -0.667681
1.33007 -0.664049
1.32781 -0.660412
1.32555 -0.656771
1.32327 -0.653126
1.32099 -0.649478
1.3187 -0.645825
1.31641 -0.642169
1.3141 -0.638508
1.31179 -0.634844
1.30947 -0.631176
1.30714 -0.627505
1.3048 -0.623829
1.30246 -0.620151
1.30011 -0.616468
1.29775 -0.612782
1.29538 -0.609093
1.29301 -0.6054
1.29063 -0.601703
1.28824 -0.598003
1.28585 -0.5943
1.28344 -0.590594
1.28103 -0.586884
1.27862 -0.583171
1.27619 -0.579455
1.27376 -0.575736
1.27133 -0.572013
1.26888 -0.568287
1.26643 -0.564559
1.26397 -0.560827
1.26151 -0.557093
1.25904 -0.553355
1.25656 -0.549614
1.25407 -0.545871
1.25158 -0.542125
1.24908 -0.538376
1.24658 -0.534624
1.24407 -0.53087
1.24155 -0.527112
1.23903 -0.523352
1.2365 -0.51959
1.23397 -0.515825
1.23142 -0.512057
1.22888 -0.508287
1.22632 -0.504514
1.22376 -0.500739
1.2212 -0.496961
1.21863 -0.493181
1.21605 -0.489399
1.21347 -0.485614
1.21088 -0.481827
1.20828 -0.478038
1.20568 -0.474246
1.20308 -0.470453
1.20046 -0.466657
1.19785 -0.462858
1.19523 -0.459058
1.1926 -0.455256
1.18996 -0.451451
1.18732 -0.447645
1.18468 -0.443837
1.18203 -0.440026
1.17938 -0.436214
1.17672 -0.4324
1.17405 -0.428583
1.17138 -0.424765
1.16871 -0.420945
1.16603 -0.417124
1.16334 -0.4133
1.16065 -0.409475
1.15796 -0.405648
1.15526 -0.40182
1.15255 -0.397989
1.14984 -0.394157
1.14713 -0.390324
1.14441 -0.386489
1.14169 -0.382652
1.13896 -0.378814
1.13623 -0.374974
1.13349 -0.371132
1.13075 -0.36729
1.128 -0.363445
1.12525 -0.3596
1.1225 -0.355753
1.11974 -0.351904
1.11698 -0.348055
1.11421 -0.344204
1.11144 -0.340351
1.10866 -0.336498
1.10588 -0.332643
1.1031 -0.328787
1.10031 -0.324929
1.09752 -0.321071
1.09472 -0.317211
1.09192 -0.31335
1.08912 -0.309488
1.08631 -0.305625
1.0835 -0.301761
1.08068 -0.297896
1.07786 -0.294029
1.07504 -0.290162
1.07221 -0.286294
1.06938 -0.282424
1.06655 -0.278554
1.06371 -0.274683
1.06087 -0.270811
1.05802 -0.266938
1.05517 -0.263064
1.05232 -0.259189
1.04947 -0.255314
1.04661 -0.251437
1.04375 -0.24756
1.04088 -0.243682
1.03801 -0.239803
1.03514 -0.235924
1.03226 -0.232043
1.02939 -0.228162
1.0265 -0.22428
1.02362 -0.220398
1.02073 -0.216515
1.01784 -0.212631
1.01495 -0.208747
1.01205 -0.204862
1.00915 -0.200976
1.00625 -0.19709
1.00334 -0.193203
1.00043 -0.189316
0.997519 -0.185428
0.994604 -0.181539
0.991687 -0.17765
0.988767 -0.173761
0.985843 -0.169871
0.982918 -0.16598
0.979989 -0.16209
0.977058 -0.158198
0.974124 -0.154306
0.971188 -0.150414
0.968248 -0.146522
0.965307 -0.142629
0.962362 -0.138735
0.959416 -0.134842
0.956466 -0.130948
0.953515 -0.127053
0.95056 -0.123158
0.947604 -0.119263
0.944645 -0.115368
0.941683 -0.111472
0.938719 -0.107576
0.935753 -0.10368
0.932785 -0.0997837
0.929814 -0.095887
0.926841 -0.0919901
0.923866 -0.0880929
0.920889 -0.0841955
0.917909 -0.080298
0.914927 -0.0764002
0.911943 -0.0725022
0.908957 -0.0686041
0.905969 -0.0647059
0.902979 -0.0608074
0.899987 -0.0569089
0.896992 -0.0530102
0.893996 -0.0491114
0.890998 -0.0452124
0.887997 -0.0413134
0.884995 -0.0374143
0.881991 -0.0335151
0.878985 -0.0296158
0.875977 -0.0257165
0.872967 -0.0218171
0.869955 -0.0179177
0.866942 -0.0140182
0.863927 -0.0101187
0.860909 -0.00621917
0.857891 -0.00231962
0.85487 0.00157992
0.851848 0.00547947
0.848823 0.00937901
0.845798 0.0132785
0.84277 0.017178
0.839741 0.0210775
0.83671 0.0249769
0.833678 0.0288763
0.830644 0.0327756
0.827608 0.0366748
0.824571 0.040574
0.821532 0.0444731
0.818492 0.0483721
0.81545 0.0522711
0.812406 0.0561699
0.809361 0.0600687
0.806315 0.0639673
0.803267 0.0678658
0.800218 0.0717642
0.797167 0.0756624
0.794115 0.0795606
0.791062 0.0834586
0.788007 0.0873564
0.78495 0.0912541
0.781893 0.0951516
0.778834 0.099049
0.775773 0.102946
0.772712 0.106843
0.769649 0.11074
0.766584 0.114637
0.763519 0.118533
0.760452 0.122429
0.757384 0.126326
0.754314 0.130221
0.751244 0.134117
0.748172 0.138012
0.745099 0.141908
0.742025 0.145803
0.73895 0.149697
0.735873 0.153592
0.732795 0.157486
0.729717 0.16138
0.726637 0.165274
0.723556 0.169168
0.720473 0.173061
0.71739 0.176954
0.714306 0.180847
0.71122 0.184739
0.708134 0.188631
0.705046 0.192523
0.701958 0.196415
0.698868 0.200306
0.695777 0.204197
0.692686 0.208088
0.689593 0.211978
0.686499 0.215868
0.683404 0.219758
0.680309 0.223648
0.677212 0.227537
0.674114 0.231426
0.671016 0.235314
0.667916 0.239203
0.664816 0.243091
0.661715 0.246978
0.658612 0.250865
0.655509 0.254752
0.652405 0.258639
0.6493 0.262525
0.646194 0.266411
0.643087 0.270296
0.63998 0.274181
0.636871 0.278066
0.633762 0.28195
0.630652 0.285834
0.627541 0.289718
0.624429 0.293601
0.621316 0.297484
0.618203 0.301366
0.615088 0.305248
0.611973 0.30913
0.608857 0.313011
0.605741 0.316892
0.602623 0.320772
0.599505 0.324652
0.596386 0.328532
0.593266 0.332411
0.590145 0.336289
0.587024 0.340168
0.583902 0.344046
0.580779 0.347923
0.577655 0.3518
0.574531 0.355676
0.571406 0.359553
0.56828 0.363428
0.565154 0.367303
0.562027 0.371178
0.558899 0.375052
0.55577 0.378926
0.552641 0.382799
0.549511 0.386672
0.54638 0.390544
0.543249 0.394416
0.540116 0.398287
0.536984 0.402158
0.53385 0.406029
0.530716 0.409898
0.527581 0.413768
0.524446 0.417637
0.52131 0.421505
0.518173 0.425373
0.515036 0.42924
0.511898 0.433106
0.508759 0.436973
0.50562 0.440838
0.50248 0.444703
0.49934 0.448568
0.496198 0.452432
0.493057 0.456295
0.489914 0.460158
0.486771 0.46402
0.483628 0.467882
0.480483 0.471743
0.477338 0.475603
0.474193 0.479463
0.471047 0.483322
0.4679 0.487181
0.464753 0.491039
0.461605 0.494896
0.458457 0.498753
0.455308 0.502609
0.452158 0.506465
0.449008 0.510319
0.445857 0.514174
0.442706 0.518027
0.439554 0.52188
0.436402 0.525732
0.433249 0.529584
0.430095 0.533434
0.426941 0.537285
0.423786 0.541134
0.420631 0.544983
0.417475 0.548831
0.414319 0.552678
0.411162 0.556525
0.408004 0.56037
0.404846 0.564215
0.401688 0.56806
0.398529 0.571903
0.395369 0.575746
0.392209 0.579588
0.389048 0.583429
0.385887 0.587269
0.382725 0.591109
0.379563 0.594948
0.3764 0.598786
0.373237 0.602623
0.370073 0.606459
0.366909 0.610295
0.363744 0.614129
0.360578 0.617963
0.357412 0.621796
0.354246 0.625628
0.351079 0.629459
0.347912 0.633289
0.344744 0.637118
0.341575 0.640946
0.338406 0.644774
0.335237 0.6486
0.332067 0.652426
0.328896 0.65625
0.325725 0.660074
0.322554 0.663896
0.319382 0.667718
0.31621 0.671538
0.313037 0.675358
0.309863 0.679176
0.30669 0.682993
0.303515 0.68681
0.30034 0.690625
0.297165 0.694439
0.293989 0.698252
0.290813 0.702064
0.287636 0.705875
0.284459 0.709684
0.281282 0.713493
0.278104 0.7173
0.274925 0.721106
0.271746 0.724911
0.268567 0.728715
0.265387 0.732518
0.262207 0.736319
0.259026 0.740119
0.255845 0.743918
0.252663 0.747716
0.249481 0.751512
0.246298 0.755307
0.243115 0.7591
0.239932 0.762893
0.236748 0.766684
0.233564 0.770473
0.230379 0.774261
0.227194 0.778048
0.224009 0.781833
0.220823 0.785617
0.217636 0.7894
0.21445 0.793181
0.211262 0.79696
0.208075 0.800738
0.204887 0.804515
0.201699 0.80829
0.19851 0.812063
0.195321 0.815835
0.192131 0.819605
0.188942 0.823374
0.185751 0.827141
0.182561 0.830906
0.17937 0.83467
0.176179 0.838432
0.172987 0.842192
0.169795 0.845951
0.166602 0.849707
0.16341 0.853462
0.160217 0.857216
0.157023 0.860967
0.153829 0.864717
0.150635 0.868464
0.147441 0.87221
0.144246 0.875954
0.141051 0.879696
0.137856 0.883436
0.13466 0.887175
0.131464 0.890911
0.128268 0.894645
0.125071 0.898377
0.121874 0.902107
0.118677 0.905835
0.11548 0.909561
0.112282 0.913285
0.109084 0.917007
0.105886 0.920726
0.102688 0.924443
0.099489 0.928158
0.09629 0.931871
0.0930908 0.935582
0.0898914 0.93929
0.0866918 0.942996
0.083492 0.9467
0.0802919 0.950401
0.0770917 0.9541
0.0738912 0.957796
0.0706906 0.96149
0.0674898 0.965182
0.0642888 0.968871
0.0610876 0.972557
0.0578863 0.976241
0.0546848 0.979922
0.0514831 0.983601
0.0482814 0.987277
0.0450795 0.99095
0.0418774 0.994621
0.0386753 0.998289
0.035473 1.00195
0.0322707 1.00562
0.0290682 1.00928
0.0258657 1.01293
0.0226631 1.01659
0.0194604 1.02024
0.0162577 1.02388
0.0130549 1.02753
0.00985213 1.03117
0.00664929 1.03481
0.00344643 1.03845
0.000243555 1.04208
-0.00295932 1.04571
-0.00616219 1.04934
-0.00936504 1.05296
-0.0125679 1.05658
-0.0157706 1.06019
-0.0189734 1.06381
-0.0221761 1.06742
-0.0253787 1.07102
-0.0285812 1.07463
-0.0317836 1.07823
-0.034986 1.08182
-0.0381882 1.08542
-0.0413903 1.08901
-0.0445923 1.09259
-0.0477941 1.09617
-0.0509957 1.09975
-0.0541972 1.10333
-0.0573985 1.1069
-0.0605996 1.11046
-0.0638005 1.11403
-0.0670012 1.11759
-0.0702017 1.12114
-0.0734019 1.12469
-0.0766018 1.12824
-0.0798015 1.13179
-0.0830009 1.13533
-0.0862 1.13886
-0.0893988 1.14239
-0.0925973 1.14592
-0.0957954 1.14944
-0.0989931 1.15296
-0.102191 1.15648
-0.105388 1.15999
-0.108584 1.16349
-0.11178 1.16699
-0.114976 1.17049
-0.118172 1.17398
-0.121366 1.17747
-0.124561 1.18096
-0.127755 1.18443
-0.130948 1.18791
-0.134141 1.19138
-0.137334 1.19484
-0.140525 1.1983
-0.143717 1.20176
-0.146907 1.20521
-0.150097 1.20865
-0.153287 1.21209
-0.156476 1.21553
-0.159664 1.21896
-0.162851 1.22238
-0.166038 1.2258
-0.169224 1.22922
-0.17241 1.23263
-0.175594 1.23603
-0.178778 1.23943
-0.181961 1.24282
-0.185144 1.24621
-0.188325 1.24959
-0.191506 1.25297
-0.194686 1.25634
-0.197865 1.25971
-0.201043 1.26307
-0.20422 1.26642
-0.207396 1.26977
-0.210571 1.27311
-0.213746 1.27645
-0.216919 1.27978
-0.220091 1.2831
-0.223263 1.28642
-0.226433 1.28974
-0.229602 1.29304
-0.23277 1.29634
-0.235937 1.29964
-0.239103 1.30293
-0.242267 1.30621
-0.245431 1.30948
-0.248593 1.31275
-0.251754 1.31601
-0.254914 1.31927
-0.258072 1.32252
-0.261229 1.32576
-0.264385 1.32899
-0.26754 1.33222
-0.270693 1.33545
-0.273844 1.33866
-0.276995 1.34187
-0.280144 1.34507
-0.283291 1.34826
-0.286437 1.35145
-0.289581 1.35463
-0.292724 1.3578
-0.295865 1.36097
-0.299005 1.36413
-0.302143 1.36728
-0.30528 1.37042
-0.308414 1.37356
-0.311547 1.37669
-0.314679 1.37981
-0.317808 1.38292
-0.320936 1.38602
-0.324062 1.38912
-0.327186 1.39221
-0.330309 1.39529
-0.333429 1.39837
-0.336548 1.40143
-0.339664 1.40449
-0.342779 1.40754
-0.345892 1.41058
-0.349002 1.41361
-0.352111 1.41664
-0.355217 1.41965
-0.358322 1.42266
-0.361424 1.42566
-0.364524 1.42865
-0.367622 1.43163
-0.370717 1.43461
-0.373811 1.43757
-0.376902 1.44053
-0.379991 1.44347
-0.383077 1.44641
-0.386161 1.44934
-0.389243 1.45226
-0.392322 1.45517
-0.395399 1.45808
-0.398473 1.46097
-0.401545 1.46385
-0.404614 1.46672
-0.40768 1.46959
-0.410744 1.47244
-0.413805 1.47529
-0.416864 1.47813
-0.41992 1.48095
-0.422973 1.48377
-0.426023 1.48657
-0.42907 1.48937
-0.432115 1.49216
-0.435157 1.49493
-0.438195 1.4977
-0.441231 1.50046
-0.444264 1.5032
-0.447294 1.50594
-0.45032 1.50867
-0.453344 1.51138
-0.456364 1.51409
-0.459382 1.51678
-0.462396 1.51947
-0.465407 1.52214
-0.468414 1.5248
-0.471418 1.52745
-0.474419 1.53009
-0.477417 1.53272
-0.480411 1.53534
-0.483402 1.53795
-0.486389 1.54055
-0.489373 1.54313
-0.492353 1.54571
-0.495329 1.54827
-0.498302 1.55082
-0.501271 1.55336
-0.504237 1.55589
-0.507199 1.55841
-0.510157 1.56092
-0.513111 1.56341
-0.516061 1.56589
-0.519008 1.56836
-0.52195 1.57082
-0.524889 1.57327
-0.527823 1.5757
-0.530754 1.57813
-0.53368 1.58054
-0.536602 1.58294
-0.53952 1.58532
-0.542434 1.5877
-0.545344 1.59006
-0.548249 1.59241
-0.551151 1.59474
-0.554047 1.59707
-0.55694 1.59938
-0.559827 1.60168
-0.562711 1.60396
-0.56559 1.60623
-0.568464 1.60849
-0.571334 1.61074
-0.574199 1.61297
-0.57706 1.61519
-0.579915 1.6174
-0.582766 1.61959
-0.585613 1.62178
-0.588454 1.62394
-0.59129 1.6261
-0.594122 1.62824
-0.596949 1.63036
-0.59977 1.63248
-0.602587 1.63458
-0.605399 1.63666
-0.608205 1.63873
-0.611006 1.64079
-0.613802 1.64284
-0.616593 1.64487
-0.619379 1.64688
-0.622159 1.64888
-0.624934 1.65087
-0.627703 1.65284
-0.630467 1.6548
-0.633226 1.65675
-0.635979 1.65868
-0.638726 1.66059
-0.641468 1.66249
-0.644204 1.66438
-0.646935 1.66625
-0.649659 1.66811
-0.652378 1.66995
-0.655091 1.67178
-0.657799 1.67359
-0.6605 1.67538
-0.663195 1.67717
-0.665885 1.67893
-0.668568 1.68068
-0.671245 1.68242
-0.673917 1.68414
-0.676582 1.68585
-0.679241 1.68754
-0.681893 1.68921
-0.68454 1.69087
-0.68718 1.69251
-0.689813 1.69414
-0.69244 1.69575
-0.695061 1.69735
-0.697676 1.69893
-0.700283 1.70049
-0.702884 1.70204
-0.705479 1.70358
-0.708067 1.70509
-0.710648 1.70659
-0.713223 1.70808
-0.71579 1.70954
-0.718351 1.71099
-0.720905 1.71243
-0.723452 1.71385
-0.725992 1.71525
-0.728526 1.71664
-0.731052 1.718
-0.733571 1.71936
-0.736083 1.72069
-0.738587 1.72201
-0.741085 1.72331
-0.743575 1.7246
-0.746058 1.72587
-0.748534 1.72712
-0.751002 1.72835
-0.753463 1.72957
-0.755917 1.73077
-0.758363 1.73196
-0.760801 1.73312
-0.763232 1.73427
-0.765656 1.7354
-0.768071 1.73652
-0.770479 1.73761
-0.77288 1.73869
-0.775272 1.73975
-0.777657 1.7408
-0.780033 1.74182
-0.782402 1.74283
-0.784763 1.74383
-0.787117 1.7448
-0.789462 1.74576
-0.791799 1.74669
-0.794127 1.74761
-0.796448 1.74852
-0.798761 1.7494
-0.801065 1.75027
-0.803361 1.75112
-0.805649 1.75195
-0.807929 1.75276
-0.8102 1.75355
-0.812463 1.75433
-0.814717 1.75509
-0.816963 1.75583
-0.819201 1.75655
-0.82143 1.75725
-0.82365 1.75794
-0.825862 1.7586
-0.828065 1.75925
-0.830259 1.75988
-0.832445 1.76049
-0.834621 1.76108
-0.836789 1.76166
-0.838949 1.76221
-0.841099 1.76275
-0.84324 1.76327
-0.845373 1.76377
-0.847496 1.76425
-0.849611 1.76471
-0.851716 1.76515
-0.853813 1.76557
-0.8559 1.76598
-0.857978 1.76637
-0.860047 1.76673
-0.862106 1.76708
-0.864157 1.76741
-0.866198 1.76772
-0.86823 1.76801
-0.870252 1.76829
-0.872265 1.76854
-0.874269 1.76877
-0.876263 1.76899
-0.878248 1.76918
-0.880223 1.76936
-0.882189 1.76952
-0.884145 1.76966
-0.886091 1.76978
-0.888028 1.76988
-0.889955 1.76996
-0.891873 1.77002
-0.89378 1.77006
-0.895678 1.77008
-0.897566 1.77009
-0.899445 1.77007
-0.901313 1.77003
-0.903172 1.76998
-0.905021 1.7699
-0.906859 1.76981
-0.908688 1.7697
-0.910507 1.76957
-0.912316 1.76941
-0.914115 1.76924
-0.915904 1.76905
-0.917682 1.76884
-0.919451 1.76861
-0.921209 1.76836
-0.922957 1.76809
-0.924695 1.7678
-0.926423 1.76749
-0.928141 1.76717
-0.929848 1.76682
-0.931545 1.76645
-0.933232 1.76607
-0.934908 1.76566
-0.936574 1.76523
-0.938229 1.76479
-0.939875 1.76432
-0.941509 1.76384
-0.943134 1.76334
-0.944747 1.76281
-0.946351 1.76227
-0.947943 1.76171
-0.949526 1.76113
-0.951097 1.76052
-0.952659 1.7599
-0.954209 1.75926
-0.955749 1.7586
-0.957278 1.75792
-0.958797 1.75722
-0.960305 1.7565
-0.961802 1.75576
-0.963289 1.755
-0.964764 1.75423
-0.96623 1.75343
-0.967684 1.75261
-0.969128 1.75178
-0.97056 1.75092
-0.971982 1.75004
-0.973393 1.74915
-0.974794 1.74823
-0.976183 1.7473
-0.977562 1.74635
-0.97893 1.74537
-0.980286 1.74438
-0.981632 1.74337
-0.982967 1.74234
-0.984292 1.74129
-0.985605 1.74022
-0.986907 1.73913
-0.988198 1.73802
-0.989479 1.73689
-0.990748 1.73575
-0.992006 1.73458
-0.993254 1.7334
-0.99449 1.73219
-0.995715 1.73097
-0.996929 1.72972
-0.998133 1.72846
-0.999325 1.72718
-1.00051 1.72588
-1.00168 1.72456
-1.00283 1.72322
-1.00398 1.72187
-1.00512 1.72049
-1.00625 1.71909
-1.00736 1.71768
-1.00846 1.71625
-1.00956 1.71479
-1.01064 1.71332
-1.01171 1.71183
-1.01277 1.71032
-1.01382 1.7088
-1.01485 1.70725
-1.01588 1.70568
-1.01689 1.7041
-1.0179 1.7025
-1.01889 1.70088
-1.01987 1.69924
-1.02084 1.69758
-1.0218 1.6959
-1.02275 1.69421
-1.02368 1.69249
-1.02461 1.69076
-1.02552 1.68901
-1.02643 1.68724
-1.02732 1.68546
-1.0282 1.68365
-1.02907 1.68183
-1.02993 1.67999
-1.03078 1.67813
-1.03161 1.67625
-1.03244 1.67435
-1.03325 1.67244
-1.03406 1.67051
-1.03485 1.66856
-1.03563 1.66659
-1.0364 1.66461
-1.03716 1.6626
-1.03791 1.66058
-1.03865 1.65854
-1.03937 1.65649
-1.04009 1.65441
-1.04079 1.65232
-1.04148 1.65021
-1.04217 1.64809
-1.04284 1.64594
-1.0435 1.64378
-1.04415 1.6416
-1.04478 1.63941
-1.04541 1.6372
-1.04603 1.63497
-1.04663 1.63272
-1.04723 1.63045
-1.04781 1.62817
-1.04838 1.62587
-1.04894 1.62356
-1.04949 1.62123
-1.05003 1.61888
-1.05056 1.61651
-1.05108 1.61413
-1.05159 1.61173
-1.05208 1.60932
-1.05257 1.60688
-1.05304 1.60444
-1.05351 1.60197
-1.05396 1.59949
-1.0544 1.59699
-1.05483 1.59448
-1.05525 1.59195
-1.05566 1.5894
-1.05606 1.58684
-1.05645 1.58426
-1.05683 1.58167
-1.0572 1.57906
-1.05755 1.57643
-1.0579 1.57379
-1.05824 1.57113
-1.05856 1.56846
-1.05888 1.56577
-1.05918 1.56307
-1.05948 1.56035
-1.05976 1.55761
-1.06003 1.55486
-1.06029 1.5521
-1.06055 1.54931
-1.06079 1.54652
-1.06102 1.54371
-1.06124 1.54088
-1.06145 1.53804
-1.06165 1.53518
-1.06184 1.53231
-1.06202 1.52943
-1.06219 1.52653
-1.06235 1.52361
-1.0625 1.52068
-1.06264 1.51774
-1.06277 1.51478
-1.06288 1.5118
-1.06299 1.50882
-1.06309 1.50581
-1.06318 1.5028
-1.06326 1.49977
-1.06333 1.49672
-1.06339 1.49366
-1.06343 1.49059
-1.06347 1.4875
-1.0635 1.4844
-1.06352 1.48129
-1.06353 1.47816
-1.06353 1.47502
-1.06352 1.47187
-1.0635 1.4687
-1.06347 1.46552
-1.06343 1.46232
-1.06338 1.45911
-1.06332 1.45589
-1.06325 1.45266
-1.06318 1.44941
-1.06309 1.44615
-1.06299 1.44287
-1.06288 1.43959
-1.06277 1.43629
-1.06264 1.43298
-1.06251 1.42965
-1.06236 1.42631
-1.06221 1.42296
-1.06205 1.4196
-1.06187 1.41623
-1.06169 1.41284
-1.0615 1.40944
-1.0613 1.40603
-1.06109 1.4026
-1.06088 1.39917
-1.06065 1.39572
-1.06041 1.39226
-1.06017 1.38879
-1.05991 1.3853
-1.05965 1.38181
-1.05938 1.3783
-1.0591 1.37478
-1.05881 1.37125
-1.05851 1.36771
-1.0582 1.36416
-1.05789 1.3606
-1.05756 1.35702
-1.05723 1.35343
-1.05688 1.34984
-1.05653 1.34623
-1.05617 1.34261
-1.05581 1.33898
-1.05543 1.33534
-1.05504 1.33169
-1.05465 1.32802
-1.05425 1.32435
-1.05384 1.32067
-1.05342 1.31697
-1.05299 1.31327
-1.05256 1.30955
-1.05211 1.30583
-1.05166 1.30209
-1.0512 1.29835
-1.05073 1.29459
-1.05026 1.29082
-1.04977 1.28705
-1.04928 1.28326
-1.04878 1.27947
-1.04827 1.27566
-1.04775 1.27185
-1.04723 1.26802
-1.0467 1.26419
-1.04616 1.26035
-1.04561 1.25649
-1.04505 1.25263
-1.04449 1.24876
-1.04392 1.24488
-1.04334 1.24099
-1.04275 1.23709
-1.04216 1.23318
-1.04156 1.22927
-1.04095 1.22534
-1.04033 1.22141
-1.03971 1.21746
-1.03908 1.21351
-1.03844 1.20955
-1.03779 1.20558
-1.03714 1.20161
-1.03648 1.19762
-1.03581 1.19363
-1.03514 1.18962
-1.03445 1.18561
-1.03377 1.18159
-1.03307 1.17757
-1.03237 1.17353
-1.03166 1.16949
-1.03094 1.16544
-1.03021 1.16138
-1.02948 1.15731
-1.02874 1.15324
-1.028 1.14916
-1.02725 1.14507
-1.02649 1.14097
-1.02572 1.13687
-1.02495 1.13275
-1.02417 1.12863
-1.02339 1.12451
-1.0226 1.12037
-1.0218 1.11623
-1.02099 1.11209
-1.02018 1.10793
-1.01937 1.10377
-1.01854 1.0996
-1.01771 1.09542
-1.01687 1.09124
-1.01603 1.08705
-1.01518 1.08286
-1.01433 1.07865
-1.01347 1.07444
-1.0126 1.07023
-1.01172 1.06601
-1.01084 1.06178
-1.00996 1.05754
-1.00907 1.0533
-1.00817 1.04905
-1.00726 1.0448
-1.00635 1.04054
-1.00544 1.03627
-1.00452 1.032
-1.00359 1.02772
-1.00266 1.02344
-1.00172 1.01915
-1.00077 1.01486
-0.999824 1.01055
-0.998868 1.00625
-0.997907 1.00193
-0.99694 0.997617
-0.995968 0.993294
-0.99499 0.988965
-0.994007 0.98463
-0.993018 0.98029
-0.992024 0.975945
-0.991024 0.971595
-0.99002 0.96724
-0.98901 0.962879
-0.987995 0.958513
-0.986974 0.954143
-0.985949 0.949767
-0.984918 0.945386
-0.983882 0.941
-0.982841 0.93661
-0.981795 0.932215
-0.980744 0.927815
-0.979689 0.92341
-0.978628 0.919
-0.977562 0.914586
-0.976492 0.910168
-0.975416 0.905745
-0.974336 0.901317
-0.973251 0.896885
-0.972161 0.892449
-0.971067 0.888008
-0.969968 0.883563
-0.968864 0.879114
-0.967755 0.874661
-0.966642 0.870204
-0.965525 0.865742
-0.964403 0.861276
-0.963277 0.856807
-0.962146 0.852333
-0.96101 0.847856
-0.95987 0.843374
-0.958726 0.838889
-0.957578 0.8344
-0.956425 0.829907
-0.955268 0.825411
-0.954107 0.820911
-0.952942 0.816407
-0.951772 0.8119
-0.950598 0.807389
-0.94942 0.802875
-0.948239 0.798357
-0.947053 0.793836
-0.945863 0.789311
-0.944669 0.784784
-0.943471 0.780252
-0.942269 0.775718
-0.941063 0.77118
-0.939853 0.76664
-0.93864 0.762096
-0.937423 0.757549
-0.936202 0.752999
-0.934977 0.748445
-0.933748 0.743889
-0.932516 0.73933
-0.93128 0.734768
-0.93004 0.730203
-0.928797 0.725636
-0.92755 0.721065
-0.9263 0.716492
-0.925046 0.711916
-0.923789 0.707337
-0.922528 0.702756
-0.921264 0.698172
-0.919996 0.693586
-0.918725 0.688996
-0.91745 0.684405
-0.916172 0.679811
-0.914891 0.675214
-0.913607 0.670615
-0.912319 0.666014
-0.911028 0.66141
-0.909734 0.656804
-0.908437 0.652195
-0.907136 0.647584
-0.905832 0.642972
-0.904526 0.638356
-0.903216 0.633739
-0.901903 0.62912
-0.900587 0.624498
-0.899268 0.619874
-0.897946 0.615249
-0.896622 0.610621
-0.895294 0.605991
-0.893963 0.601359
-0.892629 0.596726
-0.891293 0.59209
-0.889954 0.587453
-0.888612 0.582813
-0.887267 0.578172
-0.885919 0.573529
-0.884569 0.568885
-0.883216 0.564238
-0.88186 0.55959
-0.880501 0.55494
-0.87914 0.550288
-0.877776 0.545635
-0.87641 0.54098
-0.875041 0.536324
-0.87367 0.531666
-0.872296 0.527006
-0.870919 0.522345
-0.86954 0.517683
-0.868158 0.513019
-0.866774 0.508353
-0.865388 0.503686
-0.863999 0.499018
-0.862608 0.494348
-0.861214 0.489677
-0.859818 0.485004
-0.85842 0.480331
-0.857019 0.475656
-0.855617 0.470979
-0.854211 0.466302
-0.852804 0.461623
-0.851394 0.456943
-0.849983 0.452262
-0.848568 0.44758
-0.847152 0.442896
-0.845734 0.438211
-0.844313 0.433526
-0.842891 0.428839
-0.841466 0.424151
-0.840039 0.419462
-0.83861 0.414772
-0.83718 0.410081
-0.835747 0.405389
-0.834312 0.400696
-0.832875 0.396002
-0.831436 0.391308
-0.829995 0.386612
-0.828552 0.381915
-0.827108 0.377218
-0.825661 0.372519
-0.824213 0.36782
-0.822762 0.36312
-0.82131 0.358419
-0.819856 0.353717
-0.8184 0.349015
-0.816943 0.344312
-0.815483 0.339608
-0.814022 0.334903
-0.812559 0.330197
-0.811095 0.325491
-0.809628 0.320784
-0.80816 0.316077
-0.80669 0.311369
-0.805219 0.30666
-0.803746 0.30195
-0.802271 0.29724
-0.800795 0.292529
-0.799317 0.287818
-0.797837 0.283106
-0.796356 0.278394
-0.794873 0.273681
-0.793389 0.268967
-0.791903 0.264253
-0.790415 0.259539
-0.788926 0.254823
-0.787436 0.250108
-0.785944 0.245392
-0.78445 0.240675
-0.782955 0.235958
-0.781459 0.231241
-0.779961 0.226523
-0.778462 0.221805
-0.776961 0.217086
-0.775459 0.212367
-0.773956 0.207648
-0.772451 0.202928
-0.770945 0.198208
-0.769437 0.193487
-0.767928 0.188767
-0.766418 0.184045
-0.764907 0.179324
-0.763394 0.174602
-0.761879 0.16988
-0.760364 0.165158
-0.758847 0.160435
-0.757329 0.155712
-0.75581 0.150989
-0.754289 0.146265
-0.752768 0.141542
-0.751245 0.136818
-0.74972 0.132094
-0.748195 0.127369
-0.746668 0.122645
-0.745141 0.11792
-0.743612 0.113195
-0.742081 0.10847
-0.74055 0.103745
-0.739018 0.0990192
-0.737484 0.0942935
-0.735949 0.0895678
-0.734413 0.0848419
-0.732876 0.0801159
-0.731338 0.0753898
-0.729799 0.0706635
-0.728259 0.0659371
-0.726717 0.0612107
-0.725175 0.0564841
-0.723631 0.0517575
-0.722087 0.0470308
-0.720541 0.042304
-0.718995 0.0375772
-0.717447 0.0328503
-0.715898 0.0281233
-0.714348 0.0233963
-0.712798 0.0186693
-0.711246 0.0139423
-0.709693 0.00921522
-0.708139 0.00448814
-0.706585 -0.000238949
-0.705029 -0.00496603
-0.703472 -0.00969312
-0.701914 -0.0144202
-0.700356 -0.0191472
-0.698796 -0.0238743
-0.697236 -0.0286012
-0.695674 -0.0333282
-0.694112 -0.0380551
-0.692548 -0.042782
-0.690984 -0.0475088
-0.689419 -0.0522355
-0.687853 -0.0569622
-0.686286 -0.0616888
-0.684718 -0.0664153
-0.683149 -0.0711417
-0.681579 -0.075868
-0.680009 -0.0805943
-0.678437 -0.0853204
-0.676865 -0.0900464
-0.675292 -0.0947723
-0.673717 -0.0994981
-0.672142 -0.104224
-0.670567 -0.108949
-0.66899 -0.113675
-0.667412 -0.1184
-0.665834 -0.123125
-0.664254 -0.12785
-0.662674 -0.132575
-0.661093 -0.137299
-0.659512 -0.142024
-0.657929 -0.146748
-0.656345 -0.151472
-0.654761 -0.156196
-0.653176 -0.16092
-0.65159 -0.165643
-0.650003 -0.170366
-0.648416 -0.175089
-0.646827 -0.179812
-0.645238 -0.184535
-0.643648 -0.189257
-0.642057 -0.193979
-0.640466 -0.198701
-0.638873 -0.203423
-0.63728 -0.208144
-0.635686 -0.212866
-0.634091 -0.217586
-0.632496 -0.222307
-0.630899 -0.227027
-0.629302 -0.231747
-0.627704 -0.236467
-0.626105 -0.241187
-0.624506 -0.245906
-0.622905 -0.250625
-0.621304 -0.255343
-0.619702 -0.260061
-0.6181 -0.264779
-0.616496 -0.269497
-0.614892 -0.274214
-0.613287 -0.278931
-0.611681 -0.283648
-0.610075 -0.288364
-0.608468 -0.29308
-0.60686 -0.297795
-0.605251 -0.30251
-0.603641 -0.307225
-0.602031 -0.311939
-0.60042 -0.316653
-0.598808 -0.321366
-0.597195 -0.326079
-0.595581 -0.330792
-0.593967 -0.335504
-0.592352 -0.340216
-0.590737 -0.344927
-0.58912 -0.349638
-0.587503 -0.354349
-0.585885 -0.359059
-0.584266 -0.363768
-0.582646 -0.368477
-0.581026 -0.373186
-0.579405 -0.377894
-0.577783 -0.382602
-0.57616 -0.387309
-0.574537 -0.392015
-0.572912 -0.396721
-0.571287 -0.401427
-0.569662 -0.406132
-0.568035 -0.410836
-0.566408 -0.41554
-0.56478 -0.420243
-0.563151 -0.424946
-0.561521 -0.429648
-0.559891 -0.434349
-0.55826 -0.43905
-0.556628 -0.44375
-0.554995 -0.44845
-0.553361 -0.453149
-0.551727 -0.457848
-0.550092 -0.462545
-0.548456 -0.467242
-0.546819 -0.471939
-0.545182 -0.476634
-0.543543 -0.481329
-0.541904 -0.486024
-0.540264 -0.490717
-0.538624 -0.49541
-0.536982 -0.500102
-0.53534 -0.504794
-0.533697 -0.509484
-0.532053 -0.514174
-0.530408 -0.518863
-0.528763 -0.523552
-0.527116 -0.528239
-0.525469 -0.532926
-0.523821 -0.537611
-0.522172 -0.542296
-0.520523 -0.546981
-0.518872 -0.551664
-0.517221 -0.556346
-0.515569 -0.561028
-0.513916 -0.565708
-0.512262 -0.570388
-0.510608 -0.575067
-0.508952 -0.579745
-0.507296 -0.584422
-0.505639 -0.589097
-0.503981 -0.593772
-0.502322 -0.598446
-0.500663 -0.603119
-0.499002 -0.607791
-0.497341 -0.612462
-0.495678 -0.617132
-0.494015 -0.6218
-0.492351 -0.626468
-0.490686 -0.631134
-0.489021 -0.6358
-0.487354 -0.640464
-0.485687 -0.645127
-0.484018 -0.649789
-0.482349 -0.65445
-0.480679 -0.659109
-0.479008 -0.663768
-0.477336 -0.668425
-0.475663 -0.673081
-0.47399 -0.677735
-0.472315 -0.682388
-0.47064 -0.68704
-0.468963 -0.691691
-0.467286 -0.69634
-0.465608 -0.700988
-0.463929 -0.705635
-0.462249 -0.71028
-0.460568 -0.714924
-0.458886 -0.719566
-0.457203 -0.724207
-0.455519 -0.728847
-0.453835 -0.733484
-0.452149 -0.738121
-0.450463 -0.742756
-0.448775 -0.747389
-0.447087 -0.752021
-0.445397 -0.756651
-0.443707 -0.76128
-0.442016 -0.765906
-0.440323 -0.770532
-0.43863 -0.775155
-0.436936 -0.779777
-0.435241 -0.784397
-0.433545 -0.789015
-0.431847 -0.793632
-0.430149 -0.798247
-0.42845 -0.80286
-0.42675 -0.807471
-0.425049 -0.81208
-0.423347 -0.816688
-0.421644 -0.821293
-0.41994 -0.825896
-0.418235 -0.830498
-0.416529 -0.835098
-0.414822 -0.839695
-0.413114 -0.844291
-0.411405 -0.848884
-0.409695 -0.853475
-0.407984 -0.858064
-0.406272 -0.862652
-0.404558 -0.867236
-0.402844 -0.871819
-0.401129 -0.876399
-0.399413 -0.880978
-0.397695 -0.885554
-0.395977 -0.890127
-0.394258 -0.894698
-0.392537 -0.899267
-0.390816 -0.903834
-0.389093 -0.908398
-0.38737 -0.912959
-0.385645 -0.917518
-0.383919 -0.922075
-0.382193 -0.926629
-0.380465 -0.93118
-0.378736 -0.935729
-0.377006 -0.940275
-0.375275 -0.944819
-0.373543 -0.949359
-0.37181 -0.953897
-0.370075 -0.958433
-0.36834 -0.962965
-0.366604 -0.967495
-0.364866 -0.972022
-0.363127 -0.976545
-0.361388 -0.981066
-0.359647 -0.985584
-0.357905 -0.990099
-0.356162 -0.994611
-0.354418 -0.99912
-0.352673 -1.00363
-0.350926 -1.00813
-0.349179 -1.01263
-0.34743 -1.01712
-0.34568 -1.02162
-0.34393 -1.02611
-0.342178 -1.03059
-0.340425 -1.03507
-0.338671 -1.03955
-0.336915 -1.04403
-0.335159 -1.0485
-0.333401 -1.05297
-0.331643 -1.05744
-0.329883 -1.0619
-0.328122 -1.06636
-0.32636 -1.07081
-0.324597 -1.07526
-0.322832 -1.07971
-0.321067 -1.08415
-0.3193 -1.08859
-0.317532 -1.09303
-0.315764 -1.09746
-0.313994 -1.10189
-0.312222 -1.10631
-0.31045 -1.11073
-0.308677 -1.11514
-0.306902 -1.11956
-0.305126 -1.12396
-0.303349 -1.12837
-0.301571 -1.13276
-0.299792 -1.13716
-0.298012 -1.14155
-0.29623 -1.14593
-0.294447 -1.15031
-0.292663 -1.15469
-0.290878 -1.15906
-0.289092 -1.16343
-0.287305 -1.16779
-0.285517 -1.17215
-0.283727 -1.1765
-0.281936 -1.18085
-0.280144 -1.1852
-0.278351 -1.18954
-0.276557 -1.19387
-0.274762 -1.1982
-0.272965 -1.20252
-0.271167 -1.20684
-0.269369 -1.21115
-0.267569 -1.21546
-0.265767 -1.21977
-0.263965 -1.22406
-0.262162 -1.22836
-0.260357 -1.23264
-0.258551 -1.23693
-0.256744 -1.2412
-0.254936 -1.24547
-0.253127 -1.24974
-0.251317 -1.254
-0.249505 -1.25825
-0.247693 -1.2625
-0.245879 -1.26674
-0.244064 -1.27098
-0.242248 -1.27521
-0.240431 -1.27943
-0.238613 -1.28365
-0.236793 -1.28787
-0.234973 -1.29207
-0.233151 -1.29627
-0.231328 -1.30047
-0.229504 -1.30465
-0.227679 -1.30884
-0.225853 -1.31301
-0.224026 -1.31718
-0.222198 -1.32134
-0.220368 -1.3255
-0.218538 -1.32964
-0.216706 -1.33379
-0.214873 -1.33792
-0.213039 -1.34205
-0.211204 -1.34617
-0.209368 -1.35029
-0.207531 -1.35439
-0.205693 -1.3585
-0.203853 -1.36259
-0.202013 -1.36667
-0.200172 -1.37075
-0.198329 -1.37483
-0.196485 -1.37889
-0.194641 -1.38295
-0.192795 -1.387
-0.190948 -1.39104
-0.189101 -1.39507
-0.187252 -1.3991
-0.185402 -1.40312
-0.183551 -1.40713
-0.181699 -1.41113
-0.179846 -1.41513
-0.177992 -1.41912
-0.176137 -1.42309
-0.174281 -1.42707
-0.172424 -1.43103
-0.170566 -1.43498
-0.168707 -1.43893
-0.166847 -1.44287
-0.164986 -1.4468
-0.163124 -1.45072
-0.161261 -1.45463
-0.159398 -1.45853
-0.157533 -1.46243
-0.155667 -1.46632
-0.1538 -1.47019
-0.151933 -1.47406
-0.150064 -1.47792
-0.148195 -1.48177
-0.146324 -1.48561
-0.144453 -1.48945
-0.142581 -1.49327
-0.140708 -1.49708
-0.138834 -1.50089
-0.136959 -1.50468
-0.135083 -1.50847
-0.133207 -1.51224
-0.131329 -1.51601
-0.129451 -1.51976
-0.127572 -1.52351
-0.125692 -1.52725
-0.123811 -1.53097
-0.12193 -1.53469
-0.120047 -1.5384
-0.118164 -1.54209
-0.11628 -1.54578
-0.114395 -1.54945
-0.11251 -1.55312
-0.110624 -1.55677
-0.108736 -1.56042
-0.106849 -1.56405
-0.10496 -1.56768
-0.103071 -1.57129
-0.101181 -1.57489
-0.0992905 -1.57848
-0.0973992 -1.58206
-0.0955073 -1.58563
-0.0936146 -1.58919
-0.0917213 -1.59273
-0.0898273 -1.59627
-0.0879327 -1.59979
-0.0860375 -1.6033
-0.0841416 -1.6068
-0.0822452 -1.61029
-0.0803481 -1.61377
-0.0784505 -1.61724
-0.0765523 -1.62069
-0.0746535 -1.62413
-0.0727542 -1.62756
-0.0708544 -1.63098
-0.068954 -1.63439
-0.0670531 -1.63778
-0.0651517 -1.64117
-0.0632498 -1.64454
-0.0613474 -1.64789
-0.0594446 -1.65124
-0.0575413 -1.65457
-0.0556376 -1.65789
-0.0537335 -1.6612
-0.0518289 -1.66449
-0.049924 -1.66777
-0.0480186 -1.67104
-0.0461129 -1.6743
-0.0442068 -1.67754
-0.0423004 -1.68077
-0.0403936 -1.68399
-0.0384865 -1.68719
-0.0365792 -1.69038
-0.0346715 -1.69356
-0.0327635 -1.69672
-0.0308553 -1.69987
-0.0289468 -1.703
-0.0270381 -1.70613
-0.0251292 -1.70923
-0.0232201 -1.71233
-0.0213108 -1.71541
-0.0194013 -1.71848
-0.0174916 -1.72153
-0.0155818 -1.72457
-0.0136719 -1.72759
-0.0117618 -1.7306
-0.00985168 -1.7336
-0.00794145 -1.73658
-0.00603115 -1.73954
-0.0041208 -1.74249
-0.00221041 -1.74543
-0.000300005 -1.74835
0.00161041 -1.75126
0.00352081 -1.75415
0.00543118 -1.75703
0.0073415 -1.75989
0.00925177 -1.76274
0.011162 -1.76557
0.013072 -1.76839
0.014982 -1.77119
0.0168919 -1.77398
0.0188016 -1.77675
0.0207111 -1.7795
0.0226205 -1.78224
0.0245296 -1.78496
0.0264386 -1.78767
0.0283473 -1.79036
0.0302558 -1.79304
0.032164 -1.7957
0.0340719 -1.79834
0.0359795 -1.80097
0.0378868 -1.80358
0.0397937 -1.80618
0.0417003 -1.80876
0.0436065 -1.81132
0.0455123 -1.81386
0.0474177 -1.81639
0.0493227 -1.81891
0.0512272 -1.8214
0.0531312 -1.82388
0.0550348 -1.82634
0.0569378 -1.82879
0.0588403 -1.83122
0.0607423 -1.83363
0.0626437 -1.83602
0.0645445 -1.8384
0.0664447 -1.84076
0.0683443 -1.8431
0.0702432 -1.84542
0.0721415 -1.84773
0.0740391 -1.85002
0.075936 -1.85229
0.0778322 -1.85455
0.0797276 -1.85679
0.0816223 -1.859
0.0835162 -1.86121
0.0854092 -1.86339
0.0873015 -1.86555
0.0891929 -1.8677
0.0910834 -1.86983
0.0929731 -1.87194
0.0948619 -1.87403
0.0967497 -1.87611
0.0986366 -1.87816
0.100522 -1.8802
0.102407 -1.88222
0.104291 -1.88422
0.106174 -1.8862
0.108056 -1.88816
0.109937 -1.89011
0.111817 -1.89203
0.113695 -1.89394
0.115573 -1.89583
0.117449 -1.8977
0.119324 -1.89955
0.121198 -1.90138
0.12307 -1.90319
0.124942 -1.90498
0.126812 -1.90675
0.128681 -1.90851
0.130549 -1.91024
0.132415 -1.91195
0.13428 -1.91365
0.136143 -1.91532
0.138005 -1.91698
0.139866 -1.91862
0.141725 -1.92023
0.143583 -1.92183
0.14544 -1.92341
0.147294 -1.92496
0.149148 -1.9265
0.151 -1.92802
0.15285 -1.92952
0.154698 -1.93099
0.156545 -1.93245
0.158391 -1.93389
0.160235 -1.9353
0.162077 -1.9367
0.163917 -1.93807
0.165756 -1.93943
0.167593 -1.94077
0.169428 -1.94208
0.171261 -1.94337
0.173093 -1.94465
0.174922 -1.9459
0.17675 -1.94713
0.178576 -1.94835
0.1804 -1.94954
0.182222 -1.95071
0.184043 -1.95186
0.185861 -1.95299
0.187677 -1.95409
0.189491 -1.95518
0.191304 -1.95625
0.193114 -1.95729
0.194922 -1.95831
0.196728 -1.95932
0.198532 -1.9603
0.200334 -1.96126
0.202133 -1.9622
0.203931 -1.96312
0.205726 -1.96401
0.207519 -1.96489
0.20931 -1.96574
0.211098 -1.96658
0.212884 -1.96739
0.214668 -1.96818
0.21645 -1.96895
0.218229 -1.9697
0.220006 -1.97042
0.22178 -1.97113
0.223552 -1.97181
0.225322 -1.97247
0.227089 -1.97311
0.228853 -1.97373
0.230615 -1.97433
0.232375 -1.9749
0.234132 -1.97545
0.235886 -1.97599
0.237638 -1.97649
0.239387 -1.97698
0.241134 -1.97745
0.242878 -1.97789
0.244619 -1.97832
0.246358 -1.97872
0.248094 -1.9791
0.249827 -1.97945
0.251557 -1.97979
0.253285 -1.9801
0.255009 -1.98039
0.256731 -1.98066
0.25845 -1.98091
0.260167 -1.98113
0.26188 -1.98134
0.26359 -1.98152
0.265298 -1.98168
0.267002 -1.98182
0.268704 -1.98193
0.270403 -1.98203
0.272098 -1.9821
0.273791 -1.98215
0.27548 -1.98217
0.277167 -1.98218
0.27885 -1.98216
0.280531 -1.98212
0.282208 -1.98206
0.283882 -1.98198
0.285553 -1.98187
0.287221 -1.98175
0.288885 -1.9816
0.290546 -1.98143
0.292204 -1.98123
0.293859 -1.98102
0.295511 -1.98078
0.297159 -1.98052
0.298804 -1.98024
0.300446 -1.97994
0.302084 -1.97961
0.303719 -1.97926
0.30535 -1.97889
0.306978 -1.9785
0.308603 -1.97809
0.310224 -1.97765
0.311842 -1.97719
0.313456 -1.97671
0.315067 -1.97621
0.316675 -1.97569
0.318279 -1.97514
0.319879 -1.97457
0.321476 -1.97398
0.323069 -1.97337
0.324658 -1.97274
0.326244 -1.97208
0.327827 -1.97141
0.329405 -1.97071
0.330981 -1.96999
0.332552 -1.96924
0.33412 -1.96848
0.335684 -1.96769
0.337244 -1.96688
0.338801 -1.96605
0.340353 -1.9652
0.341903 -1.96433
0.343448 -1.96343
0.344989 -1.96252
0.346527 -1.96158
0.348061 -1.96062
0.349591 -1.95964
0.351117 -1.95863
0.35264 -1.95761
0.354158 -1.95656
0.355673 -1.95549
0.357183 -1.9544
0.35869 -1.95329
0.360193 -1.95216
0.361692 -1.95101
0.363187 -1.94983
0.364678 -1.94863
0.366165 -1.94742
0.367648 -1.94618
0.369127 -1.94492
0.370602 -1.94364
0.372073 -1.94234
0.37354 -1.94101
0.375003 -1.93967
0.376462 -1.9383
0.377916 -1.93692
0.379367 -1.93551
0.380814 -1.93408
0.382256 -1.93263
0.383694 -1.93116
0.385129 -1.92967
0.386559 -1.92816
0.387984 -1.92662
0.389406 -1.92507
0.390824 -1.9235
0.392237 -1.9219
0.393646 -1.92029
0.395051 -1.91865
0.396452 -1.917
0.397849 -1.91532
0.399241 -1.91363
0.400629 -1.91191
0.402013 -1.91017
0.403393 -1.90841
0.404768 -1.90664
0.406139 -1.90484
0.407506 -1.90302
0.408868 -1.90118
0.410226 -1.89933
0.41158 -1.89745
0.41293 -1.89555
0.414275 -1.89363
0.415616 -1.8917
0.416953 -1.88974
0.418285 -1.88776
0.419613 -1.88577
0.420937 -1.88375
0.422256 -1.88172
0.423571 -1.87966
0.424881 -1.87759
0.426187 -1.87549
0.427489 -1.87338
0.428787 -1.87125
0.43008 -1.8691
0.431368 -1.86693
0.432652 -1.86474
0.433932 -1.86253
0.435207 -1.8603
0.436478 -1.85806
0.437745 -1.85579
0.439007 -1.85351
0.440265 -1.85121
0.441518 -1.84889
0.442767 -1.84655
0.444011 -1.84419
0.445251 -1.84181
0.446487 -1.83942
0.447718 -1.837
0.448945 -1.83457
0.450167 -1.83212
0.451385 -1.82966
0.452598 -1.82717
0.453807 -1.82467
0.455011 -1.82215
0.456211 -1.81961
0.457407 -1.81705
0.458598 -1.81447
0.459784 -1.81188
0.460966 -1.80927
0.462144 -1.80664
0.463317 -1.804
0.464486 -1.80134
0.46565 -1.79866
0.46681 -1.79596
0.467965 -1.79324
0.469116 -1.79051
0.470262 -1.78777
0.471404 -1.785
0.472541 -1.78222
0.473674 -1.77942
0.474803 -1.7766
0.475927 -1.77377
0.477047 -1.77092
0.478162 -1.76805
0.479272 -1.76517
0.480379 -1.76227
0.48148 -1.75936
0.482578 -1.75643
0.483671 -1.75348
0.484759 -1.75052
0.485843 -1.74754
0.486923 -1.74454
0.487998 -1.74153
0.489068 -1.7385
0.490135 -1.73546
0.491196 -1.7324
0.492254 -1.72932
0.493307 -1.72623
0.494355 -1.72313
0.495399 -1.72001
0.496439 -1.71687
0.497475 -1.71372
0.498505 -1.71055
0.499532 -1.70737
0.500554 -1.70418
0.501572 -1.70096
0.502585 -1.69774
0.503594 -1.6945
0.504599 -1.69124
0.505599 -1.68797
0.506595 -1.68468
0.507587 -1.68139
0.508574 -1.67807
0.509557 -1.67474
0.510535 -1.6714
0.511509 -1.66804
0.512479 -1.66467
0.513445 -1.66129
0.514406 -1.65789
0.515363 -1.65447
0.516315 -1.65105
0.517264 -1.64761
0.518208 -1.64415
0.519147 -1.64069
0.520083 -1.6372
0.521014 -1.63371
0.521941 -1.6302
0.522864 -1.62668
0.523782 -1.62315
0.524697 -1.6196
0.525607 -1.61604
0.526512 -1.61246
0.527414 -1.60888
0.528311 -1.60528
0.529205 -1.60167
0.530094 -1.59804
0.530978 -1.59441
0.531859 -1.59076
0.532736 -1.58709
0.533608 -1.58342
0.534476 -1.57973
0.53534 -1.57603
0.5362 -1.57232
0.537056 -1.5686
0.537908 -1.56486
0.538756 -1.56112
0.539599 -1.55736
0.540439 -1.55359
0.541274 -1.5498
0.542105 -1.54601
0.542933 -1.5422
0.543756 -1.53839
0.544575 -1.53456
0.545391 -1.53072
0.546202 -1.52687
0.547009 -1.52301
0.547813 -1.51913
0.548612 -1.51525
0.549407 -1.51135
0.550199 -1.50745
0.550986 -1.50353
0.55177 -1.4996
0.55255 -1.49566
0.553325 -1.49171
0.554097 -1.48776
0.554865 -1.48379
0.555629 -1.47981
0.55639 -1.47582
0.557146 -1.47181
0.557899 -1.4678
0.558647 -1.46378
0.559392 -1.45975
0.560133 -1.45571
0.560871 -1.45166
0.561604 -1.4476
0.562334 -1.44353
0.56306 -1.43945
0.563783 -1.43536
0.564501 -1.43126
0.565216 -1.42716
0.565927 -1.42304
0.566635 -1.41891
0.567339 -1.41478
0.568039 -1.41063
0.568735 -1.40648
0.569428 -1.40231
0.570118 -1.39814
0.570803 -1.39396
0.571485 -1.38977
0.572164 -1.38557
0.572839 -1.38137
0.57351 -1.37715
0.574178 -1.37293
0.574842 -1.36869
0.575503 -1.36445
0.57616 -1.3602
0.576814 -1.35595
0.577464 -1.35168
0.578111 -1.34741
0.578754 -1.34312
0.579394 -1.33883
0.58003 -1.33454
0.580663 -1.33023
0.581293 -1.32592
0.581919 -1.3216
0.582542 -1.31727
0.583162 -1.31293
0.583778 -1.30859
0.584391 -1.30424
0.585 -1.29988
0.585607 -1.29551
0.58621 -1.29114
0.586809 -1.28676
0.587406 -1.28237
0.587999 -1.27797
0.588589 -1.27357
0.589175 -1.26916
0.589759 -1.26475
0.590339 -1.26032
0.590916 -1.25589
0.59149 -1.25146
0.592061 -1.24701
0.592629 -1.24257
0.593193 -1.23811
0.593755 -1.23365
0.594313 -1.22918
0.594869 -1.2247
0.595421 -1.22022
0.59597 -1.21573
0.596516 -1.21124
0.597059 -1.20674
0.597599 -1.20223
0.598136 -1.19772
0.598671 -1.1932
0.599202 -1.18868
0.59973 -1.18415
0.600255 -1.17961
0.600778 -1.17507
0.601297 -1.17052
0.601814 -1.16597
0.602327 -1.16141
0.602838 -1.15685
0.603346 -1.15228
0.603851 -1.1477
0.604353 -1.14312
0.604853 -1.13854
0.60535 -1.13395
0.605844 -1.12935
0.606335 -1.12475
0.606823 -1.12014
0.607309 -1.11553
0.607792 -1.11091
0.608272 -1.10629
0.60875 -1.10167
0.609224 -1.09703
0.609697 -1.0924
0.610166 -1.08776
0.610633 -1.08311
0.611097 -1.07846
0.611559 -1.07381
0.612018 -1.06915
0.612475 -1.06448
0.612928 -1.05982
0.61338 -1.05514
0.613829 -1.05047
0.614275 -1.04579
0.614719 -1.0411
0.61516 -1.03641
0.615599 -1.03172
0.616035 -1.02702
0.616469 -1.02232
0.616901 -1.01761
0.61733 -1.0129
0.617756 -1.00818
0.61818 -1.00347
0.618602 -0.998744
0.619022 -0.994019
0.619439 -0.989289
0.619854 -0.984555
0.620266 -0.979818
0.620676 -0.975077
0.621084 -0.970333
0.621489 -0.965585
0.621893 -0.960833
0.622293 -0.956078
0.622692 -0.95132
0.623089 -0.946558
0.623483 -0.941792
0.623875 -0.937024
0.624265 -0.932252
0.624652 -0.927477
0.625038 -0.922698
0.625421 -0.917916
0.625802 -0.913132
0.626181 -0.908344
0.626558 -0.903553
0.626933 -0.898759
0.627306 -0.893962
0.627677 -0.889162
0.628045 -0.884359
0.628412 -0.879553
0.628776 -0.874744
0.629139 -0.869933
0.629499 -0.865119
0.629857 -0.860302
0.630214 -0.855482
0.630568 -0.850659
0.630921 -0.845834
0.631271 -0.841006
0.63162 -0.836176
0.631967 -0.831343
0.632312 -0.826508
0.632654 -0.82167
0.632995 -0.81683
0.633334 -0.811987
0.633672 -0.807142
0.634007 -0.802294
0.634341 -0.797445
0.634672 -0.792592
0.635002 -0.787738
0.63533 -0.782881
0.635657 -0.778022
0.635981 -0.773161
0.636304 -0.768298
0.636625 -0.763433
0.636944 -0.758565
0.637261 -0.753696
0.637577 -0.748824
0.637891 -0.743951
0.638204 -0.739075
0.638514 -0.734198
0.638823 -0.729318
0.63913 -0.724437
0.639436 -0.719554
0.63974 -0.714668
0.640042 -0.709782
0.640343 -0.704893
0.640642 -0.700002
0.64094 -0.69511
0.641236 -0.690216
0.64153 -0.68532
0.641823 -0.680423
0.642114 -0.675524
0.642404 -0.670623
0.642692 -0.665721
0.642978 -0.660817
0.643263 -0.655912
0.643547 -0.651005
0.643829 -0.646096
0.64411 -0.641186
0.644389 -0.636275
0.644666 -0.631362
0.644943 -0.626448
0.645217 -0.621532
0.64549 -0.616615
0.645762 -0.611696
0.646033 -0.606777
0.646302 -0.601855
0.646569 -0.596933
0.646836 -0.592009
0.6471 -0.587084
0.647364 -0.582158
0.647626 -0.57723
0.647887 -0.572302
0.648146 -0.567372
0.648404 -0.562441
0.648661 -0.557509
0.648916 -0.552575
0.64917 -0.547641
0.649423 -0.542705
0.649675 -0.537768
0.649925 -0.532831
0.650174 -0.527892
0.650422 -0.522952
0.650668 -0.518011
0.650913 -0.51307
0.651157 -0.508127
0.6514 -0.503183
0.651641 -0.498238
0.651882 -0.493293
0.652121 -0.488346
0.652358 -0.483399
0.652595 -0.47845
0.652831 -0.473501
0.653065 -0.468551
0.653298 -0.4636
0.65353 -0.458649
0.653761 -0.453696
0.65399 -0.448743
0.654219 -0.443789
0.654446 -0.438834
0.654672 -0.433878
0.654897 -0.428922
0.655121 -0.423964
0.655344 -0.419007
0.655566 -0.414048
0.655787 -0.409089
0.656006 -0.404129
0.656225 -0.399168
0.656442 -0.394207
0.656659 -0.389245
0.656874 -0.384283
0.657088 -0.379319
0.657301 -0.374356
0.657513 -0.369391
0.657724 -0.364426
0.657935 -0.359461
0.658144 -0.354495
0.658352 -0.349528
0.658559 -0.344561
0.658765 -0.339593
0.65897 -0.334625
0.659174 -0.329656
0.659377 -0.324687
0.659579 -0.319717
0.65978 -0.314747
0.65998 -0.309777
0.660179 -0.304805
0.660377 -0.299834
0.660574 -0.294862
0.66077 -0.289889
0.660965 -0.284917
0.661159 -0.279943
0.661353 -0.27497
0.661545 -0.269996
0.661737 -0.265021
0.661927 -0.260046
0.662117 -0.255071
0.662305 -0.250096
0.662493 -0.24512
0.66268 -0.240143
0.662866 -0.235167
0.663051 -0.23019
0.663235 -0.225213
0.663418 -0.220235
0.6636 -0.215258
0.663781 -0.210279
0.663962 -0.205301
0.664141 -0.200322
0.66432 -0.195343
0.664498 -0.190364
0.664675 -0.185385
0.664851 -0.180405
0.665026 -0.175425
0.6652 -0.170445
0.665374 -0.165465
0.665546 -0.160484
0.665718 -0.155503
0.665889 -0.150522
0.666059 -0.145541
0.666228 -0.14056
0.666396 -0.135578
0.666563 -0.130596
0.66673 -0.125614
0.666896 -0.120632
0.66706 -0.11565
0.667224 -0.110668
0.667387 -0.105685
0.66755 -0.100702
0.667711 -0.0957196
0.667872 -0.0907367
0.668031 -0.0857537
0.66819 -0.0807706
0.668348 -0.0757873
0.668506 -0.070804
0.668662 -0.0658206
0.668818 -0.0608371
0.668972 -0.0558535
0.669126 -0.0508698
0.669279 -0.0458861
0.669431 -0.0409023
0.669583 -0.0359185
0.669733 -0.0309346
0.669883 -0.0259507
0.670032 -0.0209668
0.67018 -0.0159828
0.670327 -0.0109988
0.670473 -0.00601479
0.670619 -0.00103077
0.670763 0.00395325
0.670907 0.00893726
0.67105 0.0139213
0.671192 0.0189052
0.671334 0.0238892
0.671474 0.0288731
0.671614 0.033857
0.671752 0.0388409
0.67189 0.0438247
0.672028 0.0488085
0.672164 0.0537922
0.672299 0.0587758
0.672434 0.0637593
0.672567 0.0687428
0.6727 0.0737262
0.672832 0.0787095
0.672963 0.0836927
0.673094 0.0886758
0.673223 0.0936587
0.673351 0.0986416
0.673479 0.103624
0.673606 0.108607
0.673732 0.113589
0.673857 0.118572
0.673981 0.123554
0.674104 0.128536
0.674227 0.133518
0.674348 0.138499
0.674469 0.143481
0.674589 0.148462
0.674708 0.153443
0.674826 0.158424
0.674943 0.163405
0.675059 0.168385
0.675174 0.173365
0.675288 0.178345
0.675402 0.183325
0.675514 0.188305
0.675626 0.193284
0.675737 0.198263
0.675846 0.203242
0.675955 0.20822
0.676063 0.213198
0.67617 0.218176
0.676276 0.223154
0.676381 0.228131
0.676485 0.233108
0.676588 0.238084
0.67669 0.24306
0.676791 0.248036
0.676892 0.253012
0.676991 0.257987
0.677089 0.262962
0.677186 0.267936
0.677282 0.27291
0.677378 0.277884
0.677472 0.282857
0.677565 0.28783
0.677657 0.292802
0.677748 0.297774
0.677838 0.302746
0.677928 0.307716
0.678016 0.312687
0.678103 0.317657
0.678189 0.322627
0.678273 0.327596
0.678357 0.332564
0.67844 0.337532
0.678522 0.3425
0.678602 0.347466
0.678682 0.352433
0.67876 0.357399
0.678837 0.362364
0.678913 0.367328
0.678988 0.372292
0.679062 0.377256
0.679135 0.382218
0.679207 0.387181
0.679277 0.392142
0.679346 0.397103
0.679415 0.402063
0.679482 0.407022
0.679547 0.411981
0.679612 0.416939
0.679675 0.421896
0.679737 0.426853
0.679798 0.431808
0.679858 0.436763
0.679917 0.441717
0.679974 0.446671
0.68003 0.451623
0.680085 0.456575
